2013  1  1   5.1   4.1   2.9   5.4   2.9   4.1
2013  1  2   2.5   2.7   0.2   3.2   0.2   1.6
2013  1  3  -1.2   1.3   2.2   2.3  -1.6   0.6
2013  1  4   3.5   4.0   1.5   4.5   1.5   2.8
2013  1  5  -0.9  -1.2  -1.4   1.7  -2.0  -1.0
2013  1  6  -2.6  -1.1  -1.7  -0.8  -4.0  -2.0
2013  1  7  -2.1  -1.2   0.2   0.2  -2.2  -1.0
2013  1  8   0.1   1.2   0.6   1.5   0.1   0.6
2013  1  9  -0.5  -0.8  -0.7   0.7  -1.2  -0.6
2013  1 10  -2.3  -2.2  -2.0  -0.7  -2.6  -2.1
2013  1 11  -3.2  -3.8  -4.2  -1.9  -4.5  -3.6
2013  1 12  -5.3  -4.7  -5.7  -4.2  -5.7  -5.3
2013  1 13  -7.6  -5.7  -7.2  -4.9  -8.3  -7.0
2013  1 14  -4.2  -3.8  -3.3  -3.3  -7.8  -4.1
2013  1 15  -3.1  -1.5  -2.9  -1.5  -3.6  -2.7
2013  1 16  -3.6  -3.4  -3.5  -2.2  -3.7  -3.4
2013  1 17  -3.2  -4.1  -6.4  -1.7  -6.5  -4.5
2013  1 18  -9.8  -8.6 -10.1  -6.2 -10.8  -9.5
2013  1 19 -14.5 -14.0 -14.3 -10.1 -16.2 -14.1
2013  1 20  -4.2  -3.2  -4.7  -2.5 -14.4  -5.1
2013  1 21  -5.1  -4.8  -7.3  -4.1  -7.3  -5.9
2013  1 22 -11.8  -9.0  -9.3  -7.2 -12.1 -10.2
2013  1 23  -9.9  -9.3 -12.1  -8.3 -12.2 -10.6
2013  1 24 -13.1  -8.9  -9.6  -8.4 -13.5 -10.9
2013  1 25 -12.0  -9.8  -7.8  -7.5 -13.0 -10.0
2013  1 26  -6.9  -3.0  -2.8  -2.6  -9.2  -4.8
2013  1 27  -4.2  -2.8  -0.5  -0.5  -4.5  -2.5
2013  1 28   1.1   2.6   2.8   2.9  -0.8   1.9
2013  1 29   1.6   2.5   1.9   2.8   1.1   1.9
2013  1 30   2.6   3.5   3.2   4.1   1.4   3.0
2013  1 31   2.8   2.9   1.5   3.6   1.5   2.3
2013  2  1  -2.8  -1.3  -1.8   1.5  -3.0  -1.8
2013  2  2  -5.9  -2.4  -2.7  -1.8  -5.9  -3.9
2013  2  3  -6.5  -0.2  -2.2  -0.2  -6.6  -3.4
2013  2  4  -2.0   1.2   1.0   1.3  -3.2  -0.3
2013  2  5   0.7   1.8   1.7   2.1   0.6   1.3
2013  2  6  -0.8   0.2  -0.8   1.7  -1.0  -0.4
2013  2  7   0.0   0.5   0.2   0.5  -1.7   0.0
2013  2  8  -1.4  -1.4   NaN   0.3  -2.0  -1.4
2013  2  9  -2.1  -1.1  -1.5  -1.0  -2.4  -1.7
2013  2 10  -4.7  -4.8  -5.0  -1.4  -5.3  -4.5
2013  2 11  -6.0  -3.9  -4.2  -3.4  -6.3  -4.8
2013  2 12  -2.2  -1.0  -2.2  -0.9  -4.2  -2.1
2013  2 13  -0.6   0.2  -0.8   0.2  -2.3  -0.6
2013  2 14   0.5   1.2   0.9   1.6  -0.8   0.7
2013  2 15   0.5   1.4   1.3   1.5   0.3   1.0
2013  2 16   0.8   1.3   1.0   1.4   0.6   1.0
2013  2 17   0.3   0.2   0.1   1.1   0.0   0.3
2013  2 18  -0.4  -0.4  -0.2   0.6  -0.9  -0.3
2013  2 19  -1.6  -1.3  -1.0  -0.2  -1.8  -1.2
2013  2 20  -3.0  -1.9   NaN  -1.0  -3.4  -2.5
2013  2 21  -4.6  -2.0  -5.1  -1.4  -5.2  -4.0
2013  2 22  -6.8  -1.5  -1.2  -0.1  -7.1  -3.5
2013  2 23  -2.7   0.3  -1.0   1.0  -3.4  -1.3
2013  2 24  -3.9   0.3  -1.7   0.7  -4.0  -2.0
2013  2 25  -5.5   0.8  -0.7   1.7  -5.7  -2.2
2013  2 26  -7.4   2.1   0.4   2.7  -7.9  -2.3
2013  2 27   0.2   7.1   4.7   8.5   0.2   3.7
2013  2 28  -2.3   3.1   2.6   4.8  -2.3   0.9
2013  3  1   0.2   3.7  -1.1   4.7  -1.1   0.9
2013  3  2  -4.0   0.3   3.2   3.2  -4.2  -0.4
2013  3  3  -1.1  -0.3  -3.3   4.5  -3.3  -1.2
2013  3  4  -1.3   4.9   3.4   5.4  -4.6   1.7
2013  3  5   1.6   5.0   2.2   6.1   0.2   2.8
2013  3  6  -0.3   4.4   3.8   6.4  -0.4   2.5
2013  3  7  -4.0   0.8  -0.7   3.8  -4.2  -1.3
2013  3  8  -3.8   1.4  -1.5   1.8  -4.9  -1.6
2013  3  9  -5.6  -1.4  -4.3  -1.4  -5.7  -3.9
2013  3 10  -8.8  -4.0  -6.3  -3.5  -8.8  -6.6
2013  3 11 -10.3  -2.6  -4.0  -2.4 -10.5  -6.1
2013  3 12  -6.6   1.7  -0.9   2.2  -6.6  -2.4
2013  3 13  -6.4  -3.1  -5.4  -0.9  -6.5  -4.9
2013  3 14  -8.9  -4.5  -4.7  -3.8 -10.0  -6.4
2013  3 15  -7.8  -1.8  -2.9  -1.1  -9.8  -4.7
2013  3 16  -7.1   0.9  -1.4   1.0  -8.9  -3.2
2013  3 17  -3.4   2.4  -1.6  -1.4  -4.0  -1.5
2013  3 18  -4.0  -4.6  -6.3  -1.5  -6.5  -4.8
2013  3 19  -7.6  -3.6  -6.0  -2.9  -7.8  -5.9
2013  3 20  -6.6  -4.2  -3.7  -3.4  -6.8  -5.0
2013  3 21  -6.8  -2.4  -4.9  -2.3  -6.9  -4.9
2013  3 22  -8.1  -3.9  -6.6  -3.1  -8.8  -6.4
2013  3 23  -8.2   0.2  -0.8   0.8  -9.0  -3.5
2013  3 24  -4.7   0.8  -0.3   1.3  -6.3  -1.9
2013  3 25  -4.5   3.8   1.3   4.1  -5.5  -0.4
2013  3 26  -3.3   3.3   0.0   3.7  -4.9  -0.5
2013  3 27  -2.3   5.1   0.3   5.4  -3.7   0.6
2013  3 28  -1.9   5.0   0.1   5.2  -3.2   0.7
2013  3 29  -3.0   2.1  -0.9   2.7  -4.7  -0.9
2013  3 30  -2.9   2.8  -0.4   3.4  -2.9  -0.4
2013  3 31  -4.7   4.0   0.8   4.6  -5.7  -0.5
2013  4  1  -0.5   3.6   1.5   4.6  -4.3   0.6
2013  4  2  -1.1   5.2   2.8   6.1  -2.8   1.6
2013  4  3   0.0   6.9   3.9   8.3  -1.8   2.9
2013  4  4   1.3   6.0   2.4   6.7  -0.7   2.6
2013  4  5  -0.1   5.8   0.8   6.1  -2.7   1.4
2013  4  6  -2.2   6.3   1.1   6.7  -3.9   0.9
2013  4  7   0.5   4.5   0.5   5.1  -0.2   1.5
2013  4  8  -2.4   0.7   0.0   1.6  -2.8  -0.8
2013  4  9  -1.8   4.1   1.0   5.1  -3.8   0.4
2013  4 10  -2.0   4.3   1.3   5.3  -2.8   0.7
2013  4 11   0.5   4.8   1.9   6.0  -2.7   1.6
2013  4 12   1.6   2.5   2.2   3.5   0.9   2.0
2013  4 13   2.4   2.7   2.3   3.4   2.2   2.5
2013  4 14   1.3  10.8   6.1  12.2   1.3   5.5
2013  4 15   6.8   5.8   5.9   7.5   5.0   6.1
2013  4 16   7.3   6.2   4.7  10.3   4.7   6.1
2013  4 17   9.0  13.1   9.9  13.9   3.6   9.5
2013  4 18   7.9   7.6  10.8  12.4   6.6   8.9
2013  4 19   7.6   9.1   7.7  11.2   6.3   8.0
2013  4 20   4.2   9.6   9.2  10.8   2.4   7.0
2013  4 21   7.8  13.9   8.0  14.6   2.6   8.7
2013  4 22   4.6   9.1   6.3  10.0   2.1   6.0
2013  4 23   5.3  12.8  10.1  14.3   4.1   8.8
2013  4 24   7.2  12.0   6.9  12.9   4.9   8.1
2013  4 25   6.2  13.2  11.6  14.2   4.1   9.5
2013  4 26   6.0   9.3   8.8  11.6   5.4   7.9
2013  4 27   5.5  10.4   6.0  12.8   2.7   6.7
2013  4 28   6.7   9.7   5.9  11.4   3.2   6.8
2013  4 29   8.2  10.7   8.4  11.5   3.8   8.2
2013  4 30   6.6  12.7   NaN  13.2   4.5   8.4
2013  5  1   6.7  12.4   8.5  13.2   4.2   8.3
2013  5  2   7.7  12.5  10.2  13.2   3.5   8.7
2013  5  3   7.6  14.9   9.6  15.1   3.3   9.2
2013  5  4   9.6  17.3  12.4  17.6   6.7  11.9
2013  5  5   8.5  15.4  14.8  16.6   7.6  11.9
2013  5  6  12.5  14.6   NaN  19.1   8.2  13.7
2013  5  7  13.0  20.7  18.2  21.5   9.1  15.6
2013  5  8  18.1  19.3  13.0  20.8  11.5  15.8
2013  5  9  13.2  21.6  15.3  22.7   9.4  15.4
2013  5 10  13.4  19.0  18.3  21.5  12.1  16.1
2013  5 11  11.7  17.0  15.4  18.3  10.7  14.0
2013  5 12  11.3  18.1  14.2  19.4   9.5  13.7
2013  5 13  11.9  19.2  13.4  19.7   8.0  13.5
2013  5 14  10.6  11.2   9.2  13.4   6.6   9.7
2013  5 15  10.0  14.7   9.8  15.8   5.4  10.3
2013  5 16  12.8  14.0   NaN  18.6   7.5  13.3
2013  5 17  14.3  19.3  15.0  19.3  10.3  15.0
2013  5 18  12.0  14.6  16.7  16.7  12.0  14.1
2013  5 19  15.1  17.5  13.0  19.4  12.6  14.9
2013  5 20  10.8  20.1  13.1  21.4   9.8  14.0
2013  5 21  13.3  12.9  11.2  14.4  11.1  12.3
2013  5 22  10.1  13.3  12.8  15.1   9.3  11.7
2013  5 23  10.6  15.9  10.5  16.4   9.0  11.8
2013  5 24  11.4  17.1  14.5  18.2   9.7  13.5
2013  5 25  13.2  19.0  15.7  19.7   9.4  14.6
2013  5 26  15.3  12.9  10.6  19.8   9.3  12.7
2013  5 27  11.4  16.5  13.8  17.8   8.8  13.0
2013  5 28  15.1  18.3  15.4  19.9  10.9  15.2
2013  5 29  13.5  13.3  13.1  15.7  12.2  13.3
2013  5 30  15.1  19.2  14.4  20.1  12.3  15.6
2013  5 31  13.7  20.5  18.2  21.8  11.7  16.4
2013  6  1  14.7  17.6  15.3  19.6  12.1  15.2
2013  6  2  15.2  24.5  20.9  25.9  13.8  19.0
2013  6  3  17.5  22.5  12.9  22.8  12.6  16.6
2013  6  4  10.5  11.9  11.5  14.0   9.5  11.1
2013  6  5  12.2  20.4  14.8  21.1   7.8  14.1
2013  6  6  12.6  22.5  20.1  23.9   9.9  16.7
2013  6  7  17.0  24.0  21.4  25.5  12.0  18.9
2013  6  8  15.2  22.1  17.3  24.0  13.1  17.3
2013  6  9  14.7  11.3  13.6  17.6   9.8  12.8
2013  6 10  11.7  13.0  12.9  17.4  10.2  12.4
2013  6 11  12.1  16.1   NaN  19.3  10.5  14.3
2013  6 12  15.1  22.6  19.1  23.1  12.0  17.5
2013  6 13  17.0  13.9  16.3  19.6  13.6  15.6
2013  6 14  13.6  19.2  15.8  19.6  13.3  15.7
2013  6 15  13.5  19.6  16.6  21.0  11.4  15.6
2013  6 16  12.5  14.8  13.6  19.2  11.0  13.5
2013  6 17  13.4  21.8  18.6  22.8  10.4  16.4
2013  6 18  17.9  17.6  16.8  20.4  14.1  16.8
2013  6 19  15.3  19.9  16.6  21.5  11.5  16.1
2013  6 20  17.3  23.3  22.2  24.4  12.2  19.0
2013  6 21  17.6  19.6  18.5  22.8  14.5  17.9
2013  6 22  18.7  19.4  19.1  20.8  15.5  18.3
2013  6 23  18.5  20.6  19.2  23.2  15.5  18.8
2013  6 24  17.0  21.3  20.3  24.6  15.6  19.0
2013  6 25  18.8  24.3  21.9  26.1  13.9  20.0
2013  6 26  14.6  19.7  19.1  23.9  13.9  17.4
2013  6 27  16.8  17.9  17.7  19.5  15.8  17.2
2013  6 28  16.5  20.7  18.8  22.7  14.4  17.9
2013  6 29  16.0  22.3  17.5  22.7  12.8  17.4
2013  6 30  15.9  18.9  17.3  20.1  13.4  16.6
2013  7  1  15.5  21.2  16.4  22.3  12.6  16.7
2013  7  2  16.8  19.4  18.0  21.9  13.4  17.2
2013  7  3  15.4  19.4  18.3  22.9  12.0  16.7
2013  7  4  17.3  18.6  19.2  21.9  14.3  17.7
2013  7  5  16.5  22.3  20.8  22.3  15.7  19.0
2013  7  6  17.0  22.9  21.1  23.8  14.8  19.2
2013  7  7  19.9  27.3  25.4  28.5  15.2  22.3
2013  7  8  16.3  18.9  18.7  25.4  15.8  18.2
2013  7  9  17.7  26.5  20.8  26.9  13.4  19.8
2013  7 10  15.4  12.5  15.2  20.7  12.5  14.6
2013  7 11  14.7  18.2  16.7  20.0  12.2  15.7
2013  7 12  15.7  22.7  20.2  23.8  12.0  17.9
2013  7 13  17.4  25.5  21.7  27.1  13.7  19.9
2013  7 14  16.4  16.0  15.1  21.7  15.1  16.2
2013  7 15  15.9  21.2  20.0  23.4  12.0  17.6
2013  7 16  15.7  22.4  21.8  23.4  13.3  18.6
2013  7 17  16.0  22.8  23.5  25.2  14.1  19.6
2013  7 18  20.1  27.0  18.9  27.5  17.7  21.1
2013  7 19  15.1  18.8  17.3  20.1  14.1  16.6
2013  7 20  13.6  19.9  19.0  21.9  12.2  16.6
2013  7 21  17.2  20.0  20.1  21.6  14.4  18.1
2013  7 22  13.7  20.0  16.3  21.1  11.9  15.8
2013  7 23  16.4  15.2  15.6  17.7  12.8  15.1
2013  7 24  15.0  25.9  22.5  27.1  13.4  19.7
2013  7 25  16.0  26.3  21.4  27.4  13.2  19.6
2013  7 26  16.7  28.1  22.5  29.4  15.0  21.1
2013  7 27  21.3  27.7  23.5  31.6  16.8  22.8
2013  7 28  20.6  27.8  19.2  28.2  16.9  21.3
2013  7 29  19.5  22.3  22.5  24.0  17.0  20.6
2013  7 30  20.4  20.0  15.0  22.5  15.0  17.7
2013  7 31  16.6  21.7  16.6  22.4  13.6  17.3
2013  8  1  16.0  20.6  17.2  21.0  13.0  17.0
2013  8  2  17.7  26.0  23.5  26.0  14.3  20.8
2013  8  3  21.1  28.8  21.3  28.9  16.2  22.3
2013  8  4  18.9  26.1  22.7  27.1  17.9  21.9
2013  8  5  18.9  24.6  22.0  26.9  15.7  20.8
2013  8  6  20.5  25.3  20.4  25.9  17.0  21.1
2013  8  7  20.5  20.8  21.8  22.6  18.4  20.5
2013  8  8  20.1  22.1  16.5  24.3  16.3  19.1
2013  8  9  17.5  16.9  18.8  19.8  16.5  17.6
2013  8 10  16.8  21.2  19.9  22.3  14.3  18.4
2013  8 11  17.1  20.6  16.0  24.2  15.5  17.9
2013  8 12  14.2  17.8  16.3  18.8  13.0  15.6
2013  8 13  14.4  19.5  14.8  19.8  11.8  15.5
2013  8 14  16.1  16.1  15.5  19.9  12.6  15.4
2013  8 15  13.2  20.3  19.1  21.4  11.5  16.5
2013  8 16  15.8  22.5  18.2  22.8  13.3  17.9
2013  8 17  17.7  17.9  18.4  19.2  16.6  17.8
2013  8 18  17.1  21.7  19.0  22.6  14.5  18.4
2013  8 19  14.8  19.9  19.2  22.1  13.5  17.3
2013  8 20  14.6  21.9  19.3  22.2  13.0  17.6
2013  8 21  14.9  22.2  18.9  22.7  13.0  17.7
2013  8 22  15.2  20.3  16.1  21.3  14.2  16.9
2013  8 23  11.8  18.0  16.3  20.5  10.5  14.7
2013  8 24  12.8  20.2  15.9  21.2  10.1  15.3
2013  8 25  12.8  22.6  17.5  22.9  10.1  16.3
2013  8 26  15.0  23.7  18.7  24.2  11.8  17.8
2013  8 27  15.2  24.3   NaN   NaN   NaN   NaN
2013  8 28  15.9  24.1  20.1  25.0   NaN   NaN
2013  8 29  15.2  19.0  17.6  20.1  12.9  16.5
2013  8 30  15.9  20.2  15.6  21.4  12.8  16.5
2013  8 31  14.9  16.4  15.9  19.7  13.5  15.6
2013  9  1  13.7  16.2  13.8  17.8  12.1  14.4
2013  9  2  10.3  16.0  13.2  17.3  10.0  13.0
2013  9  3  10.7  19.5  17.9  20.0   9.0  15.1
2013  9  4  14.6  21.9  16.5  22.0  11.7  17.0
2013  9  5  15.0  21.4  16.6  22.7  13.1  17.3
2013  9  6  14.4  22.0  15.8  22.5  13.1  17.1
2013  9  7  13.5  23.6  17.2  24.2  12.6  17.6
2013  9  8  14.0  23.5  16.8  24.3  12.8  17.7
2013  9  9  12.8  21.0  16.3  21.8  11.8  16.2
2013  9 10  16.0  21.5  16.7  22.4  14.1  17.7
2013  9 11  15.2  19.2  15.6  19.3  14.2  16.4
2013  9 12  12.9  21.9  15.6  22.3  11.7  16.3
2013  9 13  14.4  19.9  16.9  21.6  12.7  16.7
2013  9 14  14.2  20.4  15.5  20.8  13.4  16.5
2013  9 15  14.7  18.7  15.9  19.9  14.2  16.3
2013  9 16  14.6  16.0  13.2  16.6  13.0  14.5
2013  9 17  10.3  13.4  10.3  13.7  10.0  11.3
2013  9 18   9.7  15.0  12.4  15.2   9.2  12.0
2013  9 19  10.3  12.7  11.7  12.8  10.0  11.4
2013  9 20  10.3  16.4  13.2  16.7   9.9  13.0
2013  9 21   9.4  16.4  13.9  16.8   8.7  12.7
2013  9 22  11.5  13.7  10.1  14.4   9.9  11.7
2013  9 23   7.2  13.2  10.9  13.8   6.8  10.1
2013  9 24   7.7   9.2   6.4  11.0   5.6   7.7
2013  9 25   3.9   8.0   5.3   8.6   3.6   5.6
2013  9 26   1.4   8.1   6.2   8.4   1.2   4.8
2013  9 27   5.3   9.5   6.2  10.1   4.9   6.9
2013  9 28   5.8   9.5   7.7   9.8   5.4   7.4
2013  9 29   4.4  11.1   8.7  11.2   3.7   7.5
2013  9 30   7.6  10.3   7.4  10.3   6.8   8.3
2013 10  1   2.7   7.6   5.6   8.3   2.0   5.0
2013 10  2   3.9  10.1   7.4  10.9   2.6   6.8
2013 10  3   4.9  12.0   8.0  12.7   4.0   7.9
2013 10  4   5.5  12.4   9.1  13.1   4.6   8.6
2013 10  5  10.1  11.9  11.2  12.7   8.3  10.9
2013 10  6   8.8  12.9  11.6  13.3   8.6  10.9
2013 10  7  12.9  15.2  13.2  15.6  11.0  13.5
2013 10  8  13.0  17.0  15.7  17.1  11.6  14.9
2013 10  9  11.8  13.8  11.7  15.7  11.3  12.5
2013 10 10  11.7  10.7   8.7  13.6   8.6  10.4
2013 10 11   4.9   9.8   8.2  10.9   4.7   7.5
2013 10 12   5.0  12.0   9.3  13.3   4.6   8.5
2013 10 13   6.4  11.8   8.4  12.4   6.2   8.6
2013 10 14   8.8  13.0  10.5  14.6   7.1  10.6
2013 10 15   9.0   8.4   6.8  10.5   6.6   8.1
2013 10 16   3.4   7.9   6.3   9.3   3.3   5.8
2013 10 17   6.1   8.4   7.4   8.1   5.2   7.1
2013 10 18   1.8   3.2   2.4   7.4   1.6   2.8
2013 10 19   2.4   6.5   3.9   6.7   1.6   4.0
2013 10 20   0.4   5.2   2.8   5.8  -0.2   2.6
2013 10 21   0.5   6.6   4.0   6.7  -0.6   3.3
2013 10 22   6.6   7.4  10.9  10.9   3.7   8.3
2013 10 23  12.7  12.5  12.9  13.1  10.9  12.6
2013 10 24  12.0  12.1  10.6  13.4  10.0  11.5
2013 10 25   8.3  10.9   7.9  11.5   7.9   8.9
2013 10 26   9.1  13.9  12.7  14.2   7.0  11.5
2013 10 27  11.6  14.3  11.7  14.8  11.0  12.4
2013 10 28  10.0  12.2   9.9  12.9   9.4  10.6
2013 10 29   9.3  11.7   9.4  12.0   8.5  10.0
2013 10 30   8.4   8.9   8.1   9.5   8.0   8.5
2013 10 31   4.2   8.9   9.2   9.5   3.7   7.2
2013 11  1   7.7  10.5   6.8  11.0   6.8   8.1
2013 11  2   5.6   8.5   6.8   8.8   5.4   6.8
2013 11  3   3.6   8.2   7.8   8.5   2.8   6.2
2013 11  4   5.5   8.5   5.9   9.0   5.2   6.4
2013 11  5   4.9   5.7   5.2   6.6   3.4   5.2
2013 11  6   4.8   6.0   4.4   6.4   3.4   4.9
2013 11  7   3.9   6.0   3.7   7.0   2.6   4.3
2013 11  8   4.8   7.9   8.0   8.2   3.7   6.6
2013 11  9   4.8   7.9   5.4   8.1   4.6   5.8
2013 11 10   3.4   4.6   4.4   7.1   3.2   4.3
2013 11 11   0.6   3.6   2.2   4.6   0.2   2.0
2013 11 12   4.7   6.0   7.3   7.4   1.9   5.8
2013 11 13   4.8   6.8   4.2   7.3   4.2   5.1
2013 11 14   1.1   4.3   4.9   5.0   1.0   3.3
2013 11 15   4.4   7.1   6.8   7.3   3.3   5.8
2013 11 16   9.2  10.8   9.2  10.8   6.7   9.4
2013 11 17   8.1   8.2   4.4   9.3   4.4   6.6
2013 11 18   5.1   6.2   6.8   7.1   2.0   5.7
2013 11 19   5.9   6.9   6.8   7.0   5.5   6.4
2013 11 20   2.4   1.3   2.5   6.8   0.6   2.5
2013 11 21   2.6   3.1   3.7   3.8   2.5   3.2
2013 11 22   1.4   1.5   0.8   3.8   0.8   1.4
2013 11 23   0.7   1.5   2.0   2.0  -0.6   1.3
2013 11 24  -0.9   0.1   0.6   3.2  -1.6   0.1
2013 11 25  -0.4   0.7  -0.8   0.9  -0.8  -0.3
2013 11 26  -2.4   1.5   1.2   1.8  -3.1  -0.2
2013 11 27   4.9   7.5   9.4   9.8   1.2   7.0
2013 11 28   5.6   5.7   5.1   9.8   5.0   5.8
2013 11 29   0.9   0.8   0.6   5.2   0.2   1.1
2013 11 30  -0.4   0.5  -0.7   1.1  -0.7  -0.2
2013 12  1   5.0   6.5   4.0   6.7  -1.6   4.4
2013 12  2   0.1   2.0   2.6   4.2  -0.1   1.6
2013 12  3   6.2   7.6   6.0   7.8   2.0   6.1
2013 12  4   3.0   1.8   0.7   6.4   0.7   2.2
2013 12  5   2.3   2.3   4.4   4.4   0.2   3.0
2013 12  6   2.3   0.4  -0.8   4.4  -0.8   1.0
2013 12  7  -4.2  -3.4  -5.4  -0.8  -5.4  -4.2
2013 12  8  -7.3  -5.2  -3.7  -3.7  -8.0  -5.6
2013 12  9  -1.7  -1.9  -3.1  -1.3  -3.9  -2.3
2013 12 10   0.6   2.3   4.0   4.0  -3.1   1.9
2013 12 11   5.0   5.3   6.4   6.5   3.8   5.5
2013 12 12   7.8   6.5   8.4   8.4   5.9   7.7
2013 12 13   5.0   2.6   0.1   8.6   0.1   3.0
2013 12 14   1.2   1.4   3.7   3.8  -1.4   2.0
2013 12 15   3.5   4.5   5.2   5.2   3.2   4.3
2013 12 16   4.6   6.0   7.7   7.9   3.8   6.0
2013 12 17   5.2   5.5   4.9   8.2   4.7   5.4
2013 12 18   1.6   2.7   1.7   5.0   1.1   2.1
2013 12 19   5.1   4.3   5.5   5.5   1.7   4.8
2013 12 20   4.1   3.5   3.6   5.5   3.2   3.9
2013 12 21   3.3   5.0   6.1   6.4   2.7   4.7
2013 12 22   6.0   7.1   5.7   7.4   4.9   6.1
2013 12 23   4.0   5.2   4.0   5.7   3.7   4.3
2013 12 24   4.8   6.5   7.0   7.2   2.6   5.8
2013 12 25   6.5   5.8   6.6   7.5   5.5   6.4
2013 12 26   4.3   4.0   2.4   6.7   2.4   3.7
2013 12 27   4.0   4.2   4.2   5.1   1.6   4.0
2013 12 28   5.6   5.7   5.3   5.8   4.2   5.4
2013 12 29   3.5   4.4   4.4   5.5   3.1   4.1
2013 12 30   3.2   3.1   4.1   5.4   2.1   3.6
2013 12 31   3.4   3.6   4.2   4.8   2.0   3.7
2014  1  1   2.7   2.8   2.6   4.6   2.5   2.9
2014  1  2   4.1   3.9   4.1   4.4   2.6   4.0
2014  1  3   3.6   4.2   4.6   4.7   3.4   4.1
2014  1  4   4.9   4.4   5.1   5.3   4.3   4.9
2014  1  5   1.7   2.6   4.1   5.3   1.7   3.0
2014  1  6   4.1   3.6   4.5   4.5   3.2   4.1
2014  1  7   5.7   5.9   7.0   7.2   4.2   6.1
2014  1  8   5.1   6.4   6.2   7.1   5.1   5.8
2014  1  9   5.9   6.4   4.8   6.5   4.8   5.6
2014  1 10   0.8   0.3  -2.9   4.8  -2.9  -0.4
2014  1 11  -3.5  -2.2  -3.2  -1.9  -3.8  -3.1
2014  1 12  -7.5  -7.1  -7.6  -3.2  -8.5  -7.1
2014  1 13  -8.1  -6.5  -7.0  -5.9  -9.0  -7.4
2014  1 14  -5.7  -4.2  -4.8  -4.2  -8.1  -5.3
2014  1 15  -5.8  -4.7  -5.1  -4.3  -5.9  -5.3
2014  1 16  -3.0  -2.5  -4.5  -2.5  -5.5  -3.6
2014  1 17  -8.2  -5.5  -3.9  -3.7  -8.3  -6.0
2014  1 18  -3.8  -3.5  -3.4  -3.3  -4.4  -3.6
2014  1 19  -3.8  -3.2  -3.3  -2.9  -4.0  -3.5
2014  1 20  -2.3  -2.1  -2.6  -2.0  -3.4  -2.4
2014  1 21  -2.8  -2.3  -3.2  -2.1  -3.2  -2.8
2014  1 22  -4.6  -4.6  -7.0  -3.1  -7.4  -5.5
2014  1 23  -7.9  -4.6  -4.8  -4.3  -9.2  -6.2
2014  1 24  -4.8  -4.4  -4.2  -3.9  -5.0  -4.5
2014  1 25  -4.3  -4.1  -4.0  -3.7  -4.5  -4.1
2014  1 26  -3.1  -2.3  -3.3  -2.3  -4.2  -3.1
2014  1 27  -1.6  -0.1  -0.2   0.1  -3.3  -0.9
2014  1 28  -0.4   0.5  -0.9   0.5  -1.0  -0.4
2014  1 29  -3.2  -2.8  -3.7  -0.9  -3.7  -3.1
2014  1 30  -3.9  -3.0  -2.7  -2.3  -4.2  -3.3
2014  1 31  -4.1  -3.8  -3.8  -2.6  -5.0  -3.9
2014  2  1   0.2   0.8   0.9   0.9  -3.8   0.2
2014  2  2   2.0   1.7   1.9   2.1   0.5   1.8
2014  2  3   1.0   1.9   2.4   2.8   0.9   1.8
2014  2  4   0.8   2.0   0.8   2.5  -0.7   1.0
2014  2  5   1.0   1.8   1.2   2.0   0.5   1.3
2014  2  6   0.6   1.4   1.1   1.4   0.5   1.0
2014  2  7   2.2   4.0   1.4   4.2   0.5   2.3
2014  2  8   3.3   4.6   2.9   4.7   1.3   3.4
2014  2  9   2.9   3.4   3.4   3.7   1.6   3.1
2014  2 10   2.7   4.3   2.9   4.5   2.1   3.2
2014  2 11   2.7   1.6   1.0   3.1   1.0   1.8
2014  2 12   1.1   2.0   1.9   2.5   0.6   1.6
2014  2 13   1.0   3.1   2.2   3.2   0.2   1.9
2014  2 14   2.0   2.7   2.3   3.1   1.1   2.2
2014  2 15   2.2   2.6   2.7   2.7   1.4   2.4
2014  2 16   3.1   4.9   4.2   5.6   2.6   4.0
2014  2 17   2.7   5.2   3.4   5.7   2.6   3.7
2014  2 18   0.1   2.8   1.1   3.5   0.0   1.2
2014  2 19  -1.9   2.1   0.1   2.3  -1.9  -0.1
2014  2 20  -0.3   0.1  -0.3   0.4  -0.5  -0.2
2014  2 21   0.2   3.0   2.8   3.4  -0.9   1.7
2014  2 22   2.4   5.1   4.2   5.8   2.1   3.8
2014  2 23   3.9   8.1   5.8   8.4   3.5   5.7
2014  2 24   5.7   8.3   4.8   8.9   4.6   6.1
2014  2 25   3.1   3.6   3.0   5.6   2.7   3.4
2014  2 26   2.2   1.9   1.5   3.3   1.4   2.0
2014  2 27   2.0   2.8   1.9   3.1   1.5   2.2
2014  2 28   1.9   3.3   2.6   3.5   0.9   2.4
2014  3  1   1.7   2.2   1.1   3.3   1.0   1.7
2014  3  2   1.2   2.5   2.5   3.3   1.1   2.0
2014  3  3   1.4   5.4   2.4   5.9   0.2   2.9
2014  3  4   2.3   5.2   2.5   5.7   1.6   3.2
2014  3  5   1.6   3.2   2.6   4.0   1.0   2.4
2014  3  6   1.5   7.7   5.4   7.9   1.4   4.5
2014  3  7   4.8   7.4   6.3   7.8   4.7   6.1
2014  3  8   4.0   8.5   6.6   9.2   3.9   6.2
2014  3  9   4.2  12.6  11.7  12.9   4.0   8.9
2014  3 10   7.1   8.9   4.9  11.8   4.8   7.1
2014  3 11   2.6   8.3   6.4   8.6   2.6   5.5
2014  3 12   3.4  10.7   9.4  12.2   3.3   7.5
2014  3 13   2.5  11.0   8.7  11.4   2.0   6.9
2014  3 14   3.6  10.0   8.1  11.0   3.1   6.9
2014  3 15   0.6   3.2   3.0   8.1   0.3   2.5
2014  3 16  -2.1   2.1   0.1   3.0  -2.3  -0.1
2014  3 17  -0.1   2.5   1.0   3.1  -1.4   0.9
2014  3 18  -0.7   3.2  -0.1   4.2  -1.7   0.7
2014  3 19  -1.2   2.0   0.1   2.0  -2.2   0.1
2014  3 20  -0.1   1.9   7.5   7.7  -0.9   3.1
2014  3 21   8.7  10.8   8.2  11.2   7.0   9.1
2014  3 22   3.8   8.7   4.7   9.8   2.7   5.6
2014  3 23   2.6   7.8   6.5   9.3   2.3   5.4
2014  3 24   3.1   7.5   5.2   8.2   1.4   5.0
2014  3 25   0.6   7.3   5.4   7.6  -0.4   4.0
2014  3 26   2.7   4.1   2.7   6.0   1.8   3.2
2014  3 27   1.2   9.3   6.8  10.0   0.4   5.3
2014  3 28   0.3  12.2   5.4  13.0  -1.2   5.3
2014  3 29   3.4  13.9  11.5  14.0   1.2   8.7
2014  3 30   3.7  10.5   5.2  11.5   2.6   6.2
2014  3 31   2.3   5.2   4.1   5.9   1.4   3.7
2014  4  1   1.0   3.1   1.5   4.2   0.1   1.7
2014  4  2   1.0   7.9   2.8   8.2  -1.4   3.0
2014  4  3   1.5   4.5   3.5   5.4  -0.2   2.7
2014  4  4   1.6   8.1   3.6   8.9  -0.5   3.7
2014  4  5   2.0   9.0   5.3   9.9  -0.3   4.6
2014  4  6   5.9   9.4   8.0  11.1   4.5   7.4
2014  4  7   5.3   6.8   5.9   8.0   4.8   5.9
2014  4  8   3.3   4.5   3.8   5.9   3.1   3.9
2014  4  9   2.4   3.7   2.6   4.2   2.1   2.8
2014  4 10   3.1   7.6   3.2   8.0   0.8   4.0
2014  4 11   5.2   7.6   6.7   8.8   3.0   6.0
2014  4 12   6.0  12.3   9.5  13.1   3.4   8.4
2014  4 13   7.1  11.1  10.1  13.2   5.3   9.0
2014  4 14   5.0  11.6   8.4  13.2   4.2   7.9
2014  4 15   5.7   8.6   7.2   9.3   5.0   6.9
2014  4 16   3.8  10.4   7.6  12.0   1.7   6.5
2014  4 17   8.4  13.1   8.7  13.6   6.2   9.4
2014  4 18   6.1   8.1   8.8  10.4   5.8   7.6
2014  4 19   5.4  15.0  11.8  15.9   3.2   9.7
2014  4 20   9.4  15.9  11.4  16.5   5.7  11.2
2014  4 21   8.9  16.5  13.1  17.2   4.4  11.5
2014  4 22   9.8  17.5  10.5  18.1   5.6  11.4
2014  4 23   7.0  10.8   6.1  11.0   3.3   7.1
2014  4 24   6.5  11.3   6.7  12.1  -0.1   6.7
2014  4 25   7.7  14.0   9.4  14.8   2.1   9.0
2014  4 26   7.8  17.2  13.5  18.4   3.3  11.4
2014  4 27  11.5  19.6  13.2  20.3   6.9  13.5
2014  4 28  12.8  22.2  16.5  22.8   7.1  15.5
2014  4 29  12.2   9.9   7.2  16.5   7.0   9.7
2014  4 30   5.3  10.6   7.0  11.5   3.4   7.0
2014  5  1   1.0   6.6   5.6   7.6   0.6   3.7
2014  5  2   4.9   9.8   7.3  11.0   1.9   6.3
2014  5  3   5.4  10.7   5.3  11.2   2.8   6.4
2014  5  4   3.8   9.6   6.0   9.6   1.5   5.5
2014  5  5   6.5   8.6   7.0  11.0   2.1   6.4
2014  5  6   6.8  11.0   6.9  12.6   1.1   6.8
2014  5  7   5.8   7.7   7.0   8.5   3.4   6.1
2014  5  8   5.2   6.7   8.1   8.8   5.1   6.5
2014  5  9   7.0   9.7   9.5  12.3   5.9   8.4
2014  5 10   6.5   7.2   7.6   9.5   6.2   7.1
2014  5 11   8.2  10.1   6.9  10.2   6.8   8.1
2014  5 12   7.6  10.0   8.8  11.1   6.1   8.3
2014  5 13   7.5  13.0  12.0  14.1   6.1   9.9
2014  5 14   8.7  11.5   8.6  12.2   6.4   9.0
2014  5 15   8.7  12.4  10.5  14.7   4.4   9.4
2014  5 16  12.1  18.3  16.3  19.6   8.3  14.1
2014  5 17  13.2  21.9  15.3  22.1   9.4  15.4
2014  5 18  15.5  21.7  16.2  21.7   9.7  16.1
2014  5 19  13.3  14.5  14.2  17.2   9.7  13.2
2014  5 20  13.0  20.6  17.1  20.7  10.9  15.7
2014  5 21  15.5  23.4  20.0  24.6  11.1  17.9
2014  5 22  19.1  24.6  20.5  24.8  13.0  19.6
2014  5 23  19.5  26.0  21.6  26.5  14.9  20.8
2014  5 24  19.5  26.7  19.8  27.4  16.2  21.0
2014  5 25  18.3  25.3  20.1  25.6  15.1  20.0
2014  5 26  15.1  20.5   9.8  22.8   9.8  14.4
2014  5 27   7.1  10.0   7.8  11.6   6.3   8.1
2014  5 28   8.7   8.5   8.4  10.6   3.8   7.6
2014  5 29   9.6  15.5  13.9  16.3   4.9  11.3
2014  5 30   9.9  10.1   9.7  13.9   8.8  10.0
2014  5 31   9.7  16.0  13.7  17.5   8.9  12.5
2014  6  1  13.2  18.1  14.4  20.5   9.4  14.2
2014  6  2  12.1  19.9  15.7  20.0   6.8  13.9
2014  6  3  11.6  15.1  12.8  16.4  10.3  12.7
2014  6  4  10.6  14.9  14.8  16.0  10.5  12.9
2014  6  5  15.7  16.2  16.8  19.2  11.9  15.4
2014  6  6  14.0  19.0  16.2  20.6  10.6  15.3
2014  6  7  16.3  19.5  17.2  20.4  10.3  16.0
2014  6  8  16.0  23.2  22.3  24.9  11.6  18.6
2014  6  9  18.6  25.5  21.6  26.4  16.0  20.7
2014  6 10  17.2  24.1  19.2  24.9  15.4  19.3
2014  6 11  17.6  22.6  18.5  26.4  12.8  18.4
2014  6 12  16.9  17.3  16.2  24.2  15.0  17.0
2014  6 13  12.9  16.6  12.6  19.4  12.6  14.1
2014  6 14  12.5  14.6  14.1  15.5  10.0  12.9
2014  6 15  15.3  23.5  18.0  23.8   8.0  16.5
2014  6 16  13.5  17.6  13.7  18.2  11.7  14.3
2014  6 17  10.9  13.8  12.3  14.4   8.5  11.5
2014  6 18  14.8  19.9  15.4  22.8   9.7  15.4
2014  6 19  11.6  10.5  12.3  15.5   9.4  11.4
2014  6 20  10.5  12.2  12.1  14.2   9.3  11.3
2014  6 21   9.5  13.8  12.9  15.8   7.6  11.3
2014  6 22   9.4  12.0  11.7  13.6   8.0  10.5
2014  6 23   9.4  12.3   9.4  14.1   7.0   9.8
2014  6 24  10.4  16.9  15.4  18.1   8.7  13.2
2014  6 25  11.4  15.9  13.7  17.4   8.2  12.6
2014  6 26  11.6  17.8  14.4  19.3   6.6  12.9
2014  6 27  13.3  18.4  15.1  20.5   7.4  13.9
2014  6 28  14.7  14.7  12.3  17.6  11.3  13.5
2014  6 29  13.2  16.0  14.1  17.1  11.1  13.8
2014  6 30  12.9  16.1  15.5  17.1  11.9  14.3
2014  7  1  13.3  14.5  13.0  16.4  11.3  13.2
2014  7  2  13.8  19.8  16.9  22.6  11.5  15.9
2014  7  3  15.5  18.6  17.1  19.1  12.8  16.1
2014  7  4  15.5  23.9  20.4  24.8  13.1  18.6
2014  7  5  20.1  25.8  20.9  26.6  13.5  20.2
2014  7  6  19.5  23.5  20.5  24.4  14.9  19.7
2014  7  7  20.0  27.8  23.2  28.4  15.4  21.8
2014  7  8  20.7  27.4  22.8  28.1  16.5  22.1
2014  7  9  21.7  24.9  23.6  26.2  16.8  21.9
2014  7 10  21.1  25.8  19.5  28.9  16.5  21.1
2014  7 11  16.6  19.7  17.3  20.6  14.7  17.2
2014  7 12  17.7  20.7  18.6  21.5  12.7  17.5
2014  7 13  18.9  23.3  19.8  23.9  16.6  19.8
2014  7 14  19.0  20.7  16.1  23.7  15.8  18.2
2014  7 15  17.0  22.4  21.4  24.3  14.1  19.1
2014  7 16  18.6  21.7  22.9  24.5  17.1  20.5
2014  7 17  18.2  24.7  20.6  26.6  15.9  20.2
2014  7 18  18.6  25.5  22.6  27.6  15.3  20.9
2014  7 19  21.0  24.0  21.9  27.1  16.2  21.1
2014  7 20  18.5  25.5  22.8  26.8  14.9  20.7
2014  7 21  18.3  28.0  21.8  28.4  15.8  21.3
2014  7 22  18.9  27.2  24.6  28.0  17.0  22.3
2014  7 23  21.6  29.2  27.2  30.6  17.0  24.1
2014  7 24  23.5  30.7  27.0  31.9  19.2  25.4
2014  7 25  24.5  31.5  26.8  31.5  18.8  25.5
2014  7 26  25.0  29.5  25.9  31.7  19.7  25.3
2014  7 27  23.2  17.5  23.5  28.3  16.1  20.8
2014  7 28  22.4  27.8  25.0  28.9  19.0  23.8
2014  7 29  22.8  29.7  26.1  30.5  19.7  24.8
2014  7 30  23.7  20.3  22.5  26.9  20.0  22.1
2014  7 31  18.1  26.1  23.5  26.5  17.0  21.5
2014  8  1  18.9  25.3  22.9  26.2  16.5  21.3
2014  8  2  21.8  27.4  22.1  28.4  18.0  22.7
2014  8  3  18.8  25.3  23.9  27.2  17.9  22.0
2014  8  4  24.1  28.9  25.0  28.9  20.1  24.8
2014  8  5  22.5  25.3  23.3  27.6  20.0  23.1
2014  8  6  23.0  27.4  22.1  28.5  20.4  23.6
2014  8  7  16.6  22.0  21.4  24.3  16.4  19.6
2014  8  8  19.7  26.4  22.0  26.7  16.9  21.6
2014  8  9  20.7  24.8  21.5  27.0  18.3  21.8
2014  8 10  17.9  22.4  21.6  24.4  16.3  20.0
2014  8 11  19.2  20.7  21.2  23.9  16.3  19.7
2014  8 12  16.4  22.4  17.5  23.0  14.6  18.1
2014  8 13  15.3  21.2  18.1  22.0  12.9  17.3
2014  8 14  17.2  21.1  19.0  22.3  13.4  18.0
2014  8 15  16.7  20.7  17.6  20.7  14.1  17.5
2014  8 16  14.7  17.9  17.2  21.2  12.2  16.0
2014  8 17  14.8  19.4  16.6  20.5  13.3  16.4
2014  8 18  13.7  19.2  15.4  19.6  13.1  15.7
2014  8 19  13.3  17.9  16.3  19.2  11.4  15.1
2014  8 20  13.5  16.2  15.8  17.5  12.6  14.8
2014  8 21  13.4  18.0  15.1  19.1  11.9  15.0
2014  8 22  13.3  19.1  15.2  20.2  12.4  15.5
2014  8 23  14.4  13.9  12.7  18.1  11.7  13.5
2014  8 24  12.1  17.3  13.6  18.2  10.1  13.7
2014  8 25  14.2  17.1  11.8  17.9  11.0  13.8
2014  8 26  11.8  12.8  12.8  13.7  10.7  12.1
2014  8 27  13.1  19.4  16.5  19.5  11.7  15.5
2014  8 28  12.6  18.4  15.4  19.1  11.6  14.9
2014  8 29  13.7  16.1  13.0  18.4  12.9  14.3
2014  8 30   9.8  16.5  13.7  17.3   9.2  12.8
2014  8 31  10.0  16.2  13.5  16.4   8.9  12.5
2014  9  1  13.8  17.8  13.9  18.4  10.8  14.7
2014  9  2  12.2  19.0  15.0  20.1  10.0  14.8
2014  9  3  14.2  20.8  17.6  21.3  12.1  16.9
2014  9  4  15.4  23.3  17.4  23.7  13.3  18.1
2014  9  5  14.0  20.5  15.2  20.8  12.2  16.1
2014  9  6  13.4  20.4  16.7  21.6  12.8  16.5
2014  9  7  15.1  19.8  16.1  20.1  13.2  16.6
2014  9  8  13.8  20.1  16.4  20.4  13.6  16.5
2014  9  9  14.0  17.3  14.3  18.7  13.4  15.2
2014  9 10  13.0  18.3  15.8  18.8  11.5  15.2
2014  9 11  11.7  20.3  15.8  20.9  11.0  15.5
2014  9 12  12.3  19.2  15.1  19.9  11.3  15.1
2014  9 13  13.0  18.2  14.5  18.7  12.2  15.0
2014  9 14   9.5  17.3  14.6  18.9   9.2  13.4
2014  9 15  11.1  18.8  15.0  18.9   9.7  14.3
2014  9 16  11.7  16.8  13.2  18.0  10.4  13.6
2014  9 17  10.6  19.1  14.1  20.2   9.2  14.1
2014  9 18  10.2  19.5  14.9  20.4  10.0  14.5
2014  9 19  12.0  19.2  14.7  19.5  11.1  14.9
2014  9 20  12.9  20.0  14.1  20.2  11.7  15.3
2014  9 21  11.6  17.6  11.8  18.1  11.3  13.6
2014  9 22  11.6   7.8   6.9  12.1   6.6   8.7
2014  9 23   4.6   7.3   4.5   8.2   3.5   5.4
2014  9 24   4.8   8.1   7.6   8.4   3.2   6.3
2014  9 25   8.7   9.7   9.1  10.0   6.7   8.8
2014  9 26   7.1  14.3  14.9  15.1   6.1  11.2
2014  9 27  10.4  14.9  13.1  15.8   9.5  12.5
2014  9 28  11.7  16.1  13.5  16.1  11.0  13.5
2014  9 29  12.4  15.5  12.6  16.1  12.0  13.5
2014  9 30   6.3  12.1   9.1  12.7   5.8   8.9
2014 10  1   5.4  12.1  10.2  13.1   4.4   8.9
2014 10  2  10.2  13.8  13.0  14.6   8.6  12.1
2014 10  3  12.6  15.6  12.0  16.6  12.0  13.3
2014 10  4  11.8  14.9  12.9  15.4   9.2  12.8
2014 10  5  12.4  13.9  11.8  14.1  11.8  12.6
2014 10  6   8.9   8.6   8.8  11.8   8.2   9.0
2014 10  7   7.4   8.7  10.8  10.9   7.2   9.1
2014 10  8  11.6  12.9  11.1  13.3   9.4  11.6
2014 10  9  10.3  13.2  13.4  13.6   8.8  12.0
2014 10 10  10.8  14.7  13.5  15.6   9.9  12.8
2014 10 11   9.5  13.7  10.5  14.5   9.2  11.1
2014 10 12   9.6  11.6  10.2  12.2   7.4  10.2
2014 10 13   8.8  10.5   9.3  10.8   8.6   9.5
2014 10 14   7.8  10.6   8.7  11.5   7.7   9.0
2014 10 15   7.8   7.9   6.8   8.8   6.8   7.5
2014 10 16   4.7   7.2   6.1   7.3   4.3   5.8
2014 10 17   4.2   7.1   5.8   7.3   3.3   5.5
2014 10 18   6.7   9.5   8.4   9.8   5.3   7.9
2014 10 19  11.7  14.8  13.4  14.9   8.4  12.8
2014 10 20  11.6  10.5   7.2  13.4   7.2   9.7
2014 10 21   6.3   7.7   6.3   8.3   6.1   6.7
2014 10 22   3.7   4.2   4.0   6.8   3.6   4.2
2014 10 23   4.1   4.9   4.9   5.8   3.3   4.6
2014 10 24   7.1   7.7   8.9   9.0   4.8   7.8
2014 10 25  10.4   9.4  10.1  10.6   8.9  10.0
2014 10 26   9.4  12.8  11.9  12.9   9.2  11.2
2014 10 27  13.1  14.3  13.7  14.3  11.5  13.5
2014 10 28  14.0  15.1  13.7  15.9  12.9  14.2
2014 10 29   8.8  11.8   8.2  13.9   7.9   9.6
2014 10 30   3.9   6.7   4.4   8.2   3.6   5.0
2014 10 31   2.4   6.3   4.3   6.6   2.1   4.1
2014 11  1   5.4   5.9   8.2   8.3   3.7   6.6
2014 11  2  11.0  12.7  11.9  13.2   8.2  11.5
2014 11  3  10.6  12.0  11.3  12.6  10.4  11.2
2014 11  4  11.6  11.1  11.2  11.9   9.3  11.2
2014 11  5   4.7   4.9   3.8  11.2   3.7   5.0
2014 11  6   0.7   1.1   1.4   4.1   0.4   1.3
2014 11  7   2.6   3.1   2.4   3.3   1.4   2.6
2014 11  8   0.7   3.5   7.1   7.1   0.2   3.9
2014 11  9   6.4   8.4   8.2   8.7   5.9   7.5
2014 11 10   6.9   9.2   9.5   9.6   6.9   8.4
2014 11 11   8.8  10.1   7.9  10.2   7.8   8.7
2014 11 12   6.4   6.9   7.0   8.0   5.5   6.8
2014 11 13   7.7   7.8   7.6   8.0   5.8   7.5
2014 11 14   7.2   6.4   7.0   7.6   6.3   7.0
2014 11 15   6.7   6.7   7.0   7.3   6.4   6.8
2014 11 16   6.3   6.1   5.7   7.1   5.7   6.1
2014 11 17   4.7   4.9   5.6   5.7   4.6   5.1
2014 11 18   6.0   5.8   6.2   6.4   5.2   6.0
2014 11 19   3.8   3.8   3.7   6.3   3.4   4.0
2014 11 20   4.5   5.0   5.4   5.4   3.5   4.9
2014 11 21   4.0   1.7   1.6   5.4   1.2   2.7
2014 11 22   2.0   3.0   3.5   3.6   1.6   2.8
2014 11 23   4.3   7.0   6.0   7.0   3.4   5.5
2014 11 24   6.6   6.3   6.4   7.0   5.9   6.5
2014 11 25   5.5   4.8   3.1   7.0   3.1   4.5
2014 11 26   0.2   1.1   0.6   3.4   0.2   0.8
2014 11 27   2.1   4.6   4.0   4.7   0.3   3.2
2014 11 28   4.6   3.5   2.5   4.6   2.2   3.5
2014 11 29   2.0   2.5   2.1   3.2   1.6   2.2
2014 11 30   1.7   2.4   1.7   2.8   1.2   1.9
2014 12  1   1.4   2.1   2.3   2.4   1.1   1.9
2014 12  2   2.6   4.0   1.0   4.0   1.0   2.3
2014 12  3   1.4   1.5   1.0   1.8   0.4   1.2
2014 12  4   3.3   3.8   2.8   4.0   0.7   3.0
2014 12  5   1.5   3.2   3.1   3.5   0.9   2.4
2014 12  6   2.5   3.8   1.5   3.8   1.4   2.4
2014 12  7   1.0   4.1   4.8   4.8   0.4   3.0
2014 12  8   3.5   3.7   2.5   4.8   2.4   3.2
2014 12  9   2.5   3.1   1.8   3.3   1.3   2.3
2014 12 10   4.3   3.4   3.0   4.5   1.6   3.5
2014 12 11   4.4   5.1   4.5   5.1   2.0   4.4
2014 12 12   1.6   3.4   2.3   4.5   0.9   2.3
2014 12 13   0.7   1.3   2.9   3.0   0.3   1.7
2014 12 14   0.1   1.7   3.3   3.5  -0.3   1.6
2014 12 15   4.3   4.1   3.6   4.6   3.0   4.0
2014 12 16   1.3   2.0   2.2   3.8   0.6   1.9
2014 12 17   1.6   1.1  -1.2   2.6  -1.2   0.5
2014 12 18  -0.6   2.6   3.9   3.9  -3.6   1.4
2014 12 19   4.8   5.1   3.2   5.4   3.1   4.2
2014 12 20   2.6   2.5  -0.1   3.6  -0.1   1.6
2014 12 21  -0.9   0.9  -1.1   1.0  -1.5  -0.6
2014 12 22   1.9   3.2   0.2   3.7  -1.8   1.4
2014 12 23   0.9   2.8   1.3   2.9  -2.0   1.2
2014 12 24  -1.4  -3.0  -2.7   1.4  -3.9  -2.0
2014 12 25  -6.5  -6.5  -8.0  -1.8  -8.6  -6.7
2014 12 26  -7.1  -4.4  -3.8  -3.3  -8.4  -5.4
2014 12 27  -7.9  -6.7  -7.9  -3.6  -9.0  -7.4
2014 12 28  -9.3  -6.7  -9.7  -6.3 -10.1  -8.8
2014 12 29  -9.7  -6.7  -5.9  -5.7 -10.7  -7.8
2014 12 30   0.1   0.0   0.5   0.5  -5.9  -0.4
2014 12 31   1.6   3.6   2.5   3.6   0.4   2.3
2015  1  1   2.4   5.7   6.6   7.0   2.3   4.7
2015  1  2   5.2   7.8   4.7   8.1   4.6   5.7
2015  1  3   2.9   2.8   1.2   4.7   1.2   2.4
2015  1  4  -0.1   1.0  -0.2   1.3  -0.3   0.2
2015  1  5  -2.0  -0.5  -1.9  -0.1  -2.2  -1.6
2015  1  6  -2.8  -0.1   0.8   0.8  -3.3  -0.9
2015  1  7   0.1   0.5   0.9   1.4   0.0   0.5
2015  1  8   2.6   4.3   4.2   4.8   0.6   3.4
2015  1  9   1.6   1.1  -1.7   4.3  -1.8   0.4
2015  1 10  -2.9   0.5   1.2   1.2  -3.7  -0.7
2015  1 11  -0.2  -1.1  -3.3   2.0  -3.3  -1.4
2015  1 12  -6.6  -1.4   3.1   3.1  -6.9  -1.8
2015  1 13   3.2   3.2   2.9   4.6   2.3   3.2
2015  1 14   1.8   2.4   1.8   3.1   1.0   1.9
2015  1 15   0.8   2.2   2.2   3.3   0.2   1.6
2015  1 16   4.3   5.1   5.3   6.1   2.1   4.7
2015  1 17   5.5   2.9   2.8   5.5   1.9   3.9
2015  1 18   3.4   3.3   2.2   4.0   2.1   2.9
2015  1 19   0.6   0.6  -0.4   2.3  -0.4   0.4
2015  1 20   0.6   1.2   0.5   1.4  -1.1   0.6
2015  1 21   0.2   0.2   0.0   0.7  -0.4   0.1
2015  1 22  -0.8  -0.2  -0.4   0.1  -1.1  -0.5
2015  1 23  -2.9  -3.6  -6.7  -0.4  -6.7  -4.4
2015  1 24  -2.5  -0.1  -0.3   0.2  -7.2  -1.6
2015  1 25  -0.3   0.6   0.0   0.7  -0.3   0.0
2015  1 26  -2.3   0.9   1.4   1.6  -2.3  -0.2
2015  1 27   0.5   0.5  -0.9   1.8  -1.1   0.0
2015  1 28   0.3   2.2   2.6   2.7  -1.7   1.4
2015  1 29   2.3   2.0   2.0   3.6   1.2   2.2
2015  1 30   0.7   1.9   0.7   2.6   0.4   1.0
2015  1 31   0.2   0.7   0.4   1.3   0.2   0.4
2015  2  1   0.3   0.4  -1.6   0.7  -1.6  -0.4
2015  2  2  -4.0  -2.7  -4.5  -1.6  -4.7  -3.8
2015  2  3  -1.9  -1.2  -2.9  -1.1  -4.5  -2.3
2015  2  4  -1.3   0.1   0.0   0.5  -3.3  -0.7
2015  2  5  -1.4  -2.1  -3.6   0.0  -3.7  -2.3
2015  2  6  -1.0   1.0   0.2   1.6  -4.2  -0.3
2015  2  7  -1.0   1.0   0.2   2.3  -1.2   0.0
2015  2  8  -3.0  -1.3  -1.2   0.2  -3.1  -1.8
2015  2  9   2.6   5.1   4.4   5.7  -1.7   3.5
2015  2 10   1.7   5.2   3.2   5.3   1.7   3.2
2015  2 11   0.0   6.5   3.2   6.8  -0.1   2.8
2015  2 12   2.1   3.4   2.0   3.5   1.8   2.4
2015  2 13   1.6   2.4   0.8   2.6  -0.6   1.4
2015  2 14   0.0   3.0   1.6   3.1  -0.1   1.3
2015  2 15  -0.3   0.6  -1.1   1.6  -1.1  -0.3
2015  2 16  -1.5   0.2   0.3   0.4  -1.6  -0.5
2015  2 17   0.7   0.7   1.0   1.1   0.0   0.8
2015  2 18   4.0   6.5   4.1   6.9   1.0   4.5
2015  2 19   5.7   8.0   5.4   8.4   3.8   6.1
2015  2 20   4.3   5.3   2.9   5.5   2.9   4.0
2015  2 21   2.2   4.5   1.3   4.7   1.3   2.5
2015  2 22   0.5   2.7   2.0   3.2   0.1   1.6
2015  2 23   1.5   2.7   1.5   3.3   0.0   1.7
2015  2 24   2.0   3.8   2.1   4.2   1.2   2.5
2015  2 25   2.9   7.3   2.8   7.6   1.7   4.0
2015  2 26   0.0   4.4   1.1   5.9  -0.1   1.7
2015  2 27   1.6   2.3   2.6   2.9   1.1   2.1
2015  2 28   2.0   2.8   1.4   3.3   1.3   2.0
2015  3  1   0.9   4.2   2.2   4.7   0.3   2.3
2015  3  2   3.3   5.8   2.6   6.3   1.8   3.8
2015  3  3   1.7   2.8   1.1   3.0   1.0   1.8
2015  3  4   0.5   2.5   1.8   3.2  -0.1   1.5
2015  3  5  -1.3   5.3   3.4   6.3  -1.5   2.1
2015  3  6   1.9   4.9   4.5   6.2   1.7   3.7
2015  3  7   2.7   5.5   7.3   7.3   1.6   4.9
2015  3  8   8.6  15.7  11.3  15.8   7.0  11.4
2015  3  9   5.7   8.9   6.6  11.3   5.3   7.1
2015  3 10   5.2   9.9   7.7  10.6   4.3   7.3
2015  3 11   4.3   8.1   3.6   8.3   3.3   5.2
2015  3 12   0.4   8.2   3.8   8.6  -1.3   3.6
2015  3 13  -1.5   6.1   1.6   6.9  -1.9   1.8
2015  3 14  -1.5   5.7   2.8   6.4  -2.2   1.9
2015  3 15   0.7   8.4   3.6   8.6  -0.4   3.8
2015  3 16   2.4   8.8   3.8   9.1   1.2   4.7
2015  3 17   2.7  11.2   3.9  11.5   1.5   5.6
2015  3 18   4.1  12.7   6.3  13.0   2.8   7.3
2015  3 19   3.3  11.7   9.0  12.3   2.7   7.5
2015  3 20   3.9   1.8   0.3   9.1   0.3   2.6
2015  3 21  -1.6   1.4  -1.2   1.6  -1.7  -0.5
2015  3 22  -2.5   0.2   2.2   2.5  -3.6  -0.2
2015  3 23   2.5   4.2   5.0   6.3   1.5   3.8
2015  3 24   3.8  10.0   4.7  10.1   3.6   6.0
2015  3 25  -1.3   1.6  -0.1   4.8  -1.8   0.2
2015  3 26   1.4   3.9   3.0   4.3  -1.0   2.4
2015  3 27   3.9   6.2   5.5   7.1   2.9   5.1
2015  3 28   1.8   5.0   3.3   6.5   1.6   3.3
2015  3 29   3.6   3.0   4.1   4.1   1.9   3.5
2015  3 30   4.1   4.6   1.6   5.1   1.6   3.4
2015  3 31   1.4   7.0   3.8   7.8   0.6   3.8
2015  4  1   1.9   8.0   2.9   8.5  -0.3   3.5
2015  4  2  -0.4   3.3   4.6   6.9  -1.3   2.3
2015  4  3   2.0   8.0   4.4   8.6   1.0   4.3
2015  4  4   1.7   3.8   3.6   4.7  -0.3   2.6
2015  4  5   1.1   2.9   3.4   4.9   0.8   2.4
2015  4  6   1.7   8.4   6.6   9.0   0.3   4.8
2015  4  7   4.9  14.2  12.0  14.9   2.6   9.3
2015  4  8   7.6   9.3   8.4  12.0   5.8   8.2
2015  4  9   7.1  11.2  10.5  12.9   4.6   9.0
2015  4 10   5.3  11.9  10.2  13.4   3.4   8.4
2015  4 11   4.1  14.1  10.1  15.2   4.0   8.8
2015  4 12   7.2  10.0   8.6  11.6   6.3   8.4
2015  4 13   4.6  10.0   8.7  11.6   4.3   7.4
2015  4 14   3.1   8.1   4.3   9.3   0.8   4.5
2015  4 15   4.6  12.1   7.4  13.0   2.1   7.2
2015  4 16   4.8  11.1   6.7  11.3   3.1   6.8
2015  4 17   2.6   3.8   3.8   6.7   1.9   3.5
2015  4 18   3.5  10.6   6.7  11.3   1.4   6.1
2015  4 19   6.0  12.1  13.3  16.0   4.3  10.0
2015  4 20   7.9  12.4  13.6  15.1   6.4  10.9
2015  4 21   7.1  12.4   9.6  14.1   4.5   9.0
2015  4 22   6.9  14.5  10.9  15.7   5.5  10.1
2015  4 23  10.3  12.6   9.6  14.2   9.4  10.7
2015  4 24   5.8  10.5   9.8  11.8   4.7   8.2
2015  4 25   7.8  11.7   8.5  13.2   5.9   8.9
2015  4 26  10.7  14.6  11.2  14.8   7.6  11.4
2015  4 27   7.3  14.2  10.1  14.6   6.7  10.0
2015  4 28   7.1  13.0   9.5  13.7   3.7   8.9
2015  4 29   6.5  10.4   6.3  11.6   5.2   7.4
2015  4 30   8.2  13.2   8.4  13.6   3.5   8.8
2015  5  1   7.9   9.8   8.7  10.9   6.5   8.4
2015  5  2   5.8   7.7   6.6  12.2   5.0   6.8
2015  5  3   8.3  12.4  10.2  14.2   4.9   9.3
2015  5  4   7.9   9.0   7.2  10.2   4.0   7.2
2015  5  5   7.8  11.7   6.8  12.2   6.6   8.5
2015  5  6   9.4  17.8  15.5  18.3   6.6  12.7
2015  5  7  13.2  16.4  13.3  17.9   8.3  13.1
2015  5  8   8.6  13.0  11.0  14.2   6.9  10.2
2015  5  9   8.5  15.3  10.6  15.8   5.3  10.3
2015  5 10   5.9  11.1   8.3  13.2   5.0   8.0
2015  5 11   9.0  17.8  12.9  18.1   4.9  11.5
2015  5 12  12.2  15.4  10.4  17.2   8.7  12.1
2015  5 13   7.3  10.7   7.6  11.6   7.1   8.4
2015  5 14   8.9  11.6  10.1  13.5   5.9   9.4
2015  5 15   7.2   7.4   6.9  10.2   5.5   7.0
2015  5 16   7.7  12.0   8.1  14.7   3.3   8.3
2015  5 17   7.6   6.7   3.4   8.9   3.4   5.5
2015  5 18   5.0   9.9  10.6  11.6   3.0   7.4
2015  5 19   9.3   9.3   7.4  11.3   6.0   8.2
2015  5 20   9.6  14.6  12.8  16.6   6.3  11.2
2015  5 21  10.8  17.9  13.1  18.1   7.0  12.5
2015  5 22  10.8  13.4  13.1  14.7   8.2  11.6
2015  5 23   9.8  14.7  13.7  16.5   8.5  12.0
2015  5 24  10.9  18.2  14.9  19.3   8.3  13.5
2015  5 25  13.1  15.2  13.0  16.7   8.2  12.6
2015  5 26  11.0  14.1  12.7  17.2   9.4  12.2
2015  5 27  10.8  16.7  13.4  18.3   7.5  12.5
2015  5 28  11.8  16.9  12.3  18.4   7.9  12.6
2015  5 29  10.4  15.1  13.2  16.5   8.7  12.2
2015  5 30  11.6   9.6   9.4  13.4   8.5  10.1
2015  5 31   9.6  10.7  13.4  15.8   6.4  10.5
2015  6  1   9.7  16.3  13.6  16.7   8.8  12.4
2015  6  2  10.5  14.1  10.7  15.4   7.4  10.9
2015  6  3  11.3  16.2  13.9  17.2  10.1  13.1
2015  6  4  12.5  18.4  16.2  19.1  10.3  14.6
2015  6  5  12.2  19.8  17.1  20.2   9.6  14.9
2015  6  6  12.2  15.7  18.5  19.4  11.6  14.9
2015  6  7  12.3  16.1  12.8  18.8  10.0  13.2
2015  6  8  11.6  12.8  13.1  15.0   9.6  12.0
2015  6  9  11.3  18.6  16.9  19.6   7.5  13.9
2015  6 10  14.4  17.5  18.1  20.4  10.9  15.6
2015  6 11  13.9  21.0  17.8  22.4  11.9  16.5
2015  6 12  16.0  24.6  23.2  25.8  13.6  19.7
2015  6 13  17.8  24.4  17.8  25.4  14.6  19.0
2015  6 14  12.2  15.4  15.5  18.0  11.6  14.0
2015  6 15   8.8  16.2  15.3  17.3   8.4  12.5
2015  6 16  12.0  18.2  15.6  18.4  10.1  14.2
2015  6 17  13.8  18.5  12.4  20.4   9.6  13.9
2015  6 18  11.2  13.2  10.9  13.9   9.8  11.4
2015  6 19  10.2  11.4  11.2  11.4   9.6  10.6
2015  6 20  11.4  13.4  13.4  16.5  10.3  12.5
2015  6 21  12.9  17.6  15.0  19.4   9.8  14.1
2015  6 22  14.0  18.5  14.9  19.5  11.1  14.9
2015  6 23  14.9  16.7  13.8  18.5  11.8  14.5
2015  6 24  13.6  14.6  16.4  19.4  12.1  14.7
2015  6 25  13.2  17.4  18.0  19.4  11.8  15.4
2015  6 26  11.7  17.3  15.7  18.6  10.6  14.1
2015  6 27  15.6  20.9  15.5  21.9  12.9  16.5
2015  6 28  15.4  24.2  20.1  25.5  11.3  18.1
2015  6 29  16.5  20.1  18.5  22.1  14.9  17.8
2015  6 30  15.1  19.4  18.4  21.4  13.9  17.0
2015  7  1  17.8  25.1  21.9  25.7  13.5  19.8
2015  7  2  22.1  29.4  25.0  30.3  17.0  23.6
2015  7  3  22.5  27.2  23.8  28.1  19.3  23.4
2015  7  4  21.3  28.5  22.0  29.5  19.4  23.1
2015  7  5  19.5  24.4  20.2  24.5  17.3  20.5
2015  7  6  18.4  16.7  19.2  20.2  15.8  17.8
2015  7  7  15.1  20.6  19.5  21.7  14.4  17.7
2015  7  8  14.5  15.6  15.5  19.6  13.9  15.3
2015  7  9  15.0  18.4  14.5  19.5  12.8  15.3
2015  7 10  10.5  16.2  14.7  18.0  10.4  13.3
2015  7 11  13.8  19.9  16.8  21.6  13.6  16.4
2015  7 12  16.5  19.0  16.3  20.4  13.8  16.6
2015  7 13  13.6  17.4  16.2  17.9  12.4  15.1
2015  7 14  15.7  22.5  15.6  23.6  11.4  16.5
2015  7 15  17.2  24.8  16.6  24.9  13.6  18.2
2015  7 16  16.1  22.0  17.3  23.1  14.1  17.6
2015  7 17  11.8  14.9  16.1  17.9  11.1  13.9
2015  7 18  13.7  17.4  19.0  20.9  12.9  16.2
2015  7 19  15.2  19.4  17.9  21.1  13.6  16.8
2015  7 20  15.2  19.3  18.2  20.7  14.1  17.0
2015  7 21  15.4  17.4  13.8  19.3  13.2  15.1
2015  7 22  15.6  19.2  18.9  20.6  12.9  16.9
2015  7 23  16.4  18.6  18.4  20.1  14.9  17.3
2015  7 24  14.5  20.7  18.7  21.9  12.5  16.9
2015  7 25  15.5  17.4  12.8  21.2  12.0  14.8
2015  7 26  16.9  19.1  15.5  20.3  12.4  16.1
2015  7 27  13.4  18.9  16.4  19.8  12.4  15.5
2015  7 28  13.6  17.5  17.0  19.4  12.9  15.6
2015  7 29  15.5  16.7  14.7  17.0  14.4  15.4
2015  7 30  14.3  16.6  15.3  17.6  13.7  15.1
2015  7 31  13.8  17.3  16.2  19.4  11.8  15.1
2015  8  1  13.9  20.4  18.2  21.6  12.7  16.8
2015  8  2  14.6  18.6  17.4  21.7  13.3  16.5
2015  8  3  14.0  21.2  18.8  21.7  12.0  16.9
2015  8  4  16.9  22.6  17.8  22.9  12.1  17.7
2015  8  5  17.4  20.6  20.3  23.0  14.3  18.5
2015  8  6  16.9  20.5  20.8  23.5  15.4  18.8
2015  8  7  18.6  25.9  20.1  25.9  14.8  20.3
2015  8  8  18.6  23.6  21.6  24.0  18.1  20.8
2015  8  9  16.2  25.6  21.4  26.2  14.2  19.9
2015  8 10  17.3  24.0  21.6  24.7  14.8  19.8
2015  8 11  18.8  21.8  18.6  23.7  15.9  19.1
2015  8 12  16.9  22.7  20.5  23.4  15.0  19.1
2015  8 13  14.4  20.6  18.6  21.4  12.1  16.8
2015  8 14  16.1  24.2  18.1  24.4  12.3  18.1
2015  8 15  17.0  22.9  18.0  23.6  12.4  17.9
2015  8 16  17.3  21.8  17.9  22.5  13.1  17.8
2015  8 17  16.4  19.8  17.5  20.5  13.8  17.1
2015  8 18  16.9  22.3  18.0  23.2  12.8  17.9
2015  8 19  17.2  22.7  16.9  22.7  12.4  17.6
2015  8 20  15.9  22.6  18.3  24.2  12.2  17.8
2015  8 21  15.5  23.3  18.2  24.0  12.7  17.9
2015  8 22  14.3  24.3  19.0  25.0  13.8  18.5
2015  8 23  15.8  22.3  19.5  23.8  12.7  18.0
2015  8 24  17.0  24.2  20.4  24.4  14.5  19.4
2015  8 25  20.5  23.9  20.5  24.1  18.7  21.1
2015  8 26  15.5  21.9  18.5  22.5  14.9  18.1
2015  8 27  17.9  22.9  17.5  23.2  15.3  18.7
2015  8 28  16.0  19.7  18.0  21.4  15.7  17.7
2015  8 29  14.7  21.3  18.3  21.9  13.2  17.3
2015  8 30  14.6  18.7  18.1  21.4  12.9  16.5
2015  8 31  15.4  20.9  18.1  21.2  13.7  17.4
2015  9  1  13.5  14.5  15.0  18.1  13.4  14.5
2015  9  2  13.6  14.7  15.2  16.1  13.3  14.4
2015  9  3  13.5  15.8  16.3  20.2  12.8  15.2
2015  9  4  10.6  16.5  14.6  16.8   9.5  13.3
2015  9  5  12.6  16.7  14.4  18.2  10.8  14.2
2015  9  6  11.1  12.1  10.9  14.4  10.6  11.5
2015  9  7   9.8  15.2  13.0  15.8   9.2  12.3
2015  9  8  10.2  14.2  11.5  15.3   9.4  11.8
2015  9  9   9.6  17.3  13.8  17.5   7.7  12.8
2015  9 10  11.5  19.3  14.4  20.2   9.9  14.6
2015  9 11  10.9  16.6  14.6  18.4   9.9  13.7
2015  9 12  14.8  17.2  13.6  17.9  12.9  15.0
2015  9 13  14.3  16.2  14.6  17.2  12.5  14.8
2015  9 14  15.8  17.7  15.1  18.3  13.9  16.0
2015  9 15  15.2  16.5  15.0  17.6  13.4  15.4
2015  9 16  12.6  19.4  15.6  19.5  11.0  15.3
2015  9 17  14.8  17.8  17.3  19.1  14.6  16.5
2015  9 18  14.8  16.6  15.0  17.4  14.2  15.4
2015  9 19  13.0  15.9  14.0  16.0  13.0  14.2
2015  9 20   9.4  16.9  12.4  17.0   9.1  12.6
2015  9 21  10.9  15.0  11.0  15.8   9.1  12.0
2015  9 22   9.9  14.2  12.2  15.7   9.2  11.9
2015  9 23  13.1  14.6  13.4  15.8  11.7  13.5
2015  9 24  13.9  14.4  12.4  15.2  12.3  13.5
2015  9 25  12.3  17.3  11.8  17.6  11.4  13.7
2015  9 26   9.8  14.2  11.5  14.5   8.8  11.5
2015  9 27   7.5  14.6  11.3  14.7   6.7  10.6
2015  9 28  10.3  13.7  10.1  14.4  10.0  11.4
2015  9 29   7.4  15.5  11.4  16.2   6.5  10.9
2015  9 30  10.6  15.6  13.0  16.5   9.0  12.6
2015 10  1  10.7  14.6  12.9  15.3  10.3  12.6
2015 10  2  12.3  17.0  14.2  17.7  11.6  14.3
2015 10  3   8.9  14.1  11.1  15.3   8.3  11.2
2015 10  4  10.7  13.4  11.0  14.0  10.0  11.6
2015 10  5   7.0  11.6   7.7  13.0   6.7   8.7
2015 10  6   4.9   9.5   6.7   9.9   4.2   6.8
2015 10  7   6.4   9.2   7.6  10.1   5.8   7.6
2015 10  8   6.7   9.2   6.9  10.2   5.8   7.5
2015 10  9   2.2   8.4   6.2   9.3   1.3   5.3
2015 10 10   1.6   8.2   6.5   9.4   1.3   5.2
2015 10 11   3.2   9.7   6.2  10.6   2.8   6.1
2015 10 12   2.2  10.7   8.7  11.8   2.0   6.8
2015 10 13   8.5  10.3   8.8  10.7   7.1   9.0
2015 10 14   7.5  10.8   7.9  10.9   7.4   8.6
2015 10 15   4.9  11.5   7.5  13.0   4.7   7.8
2015 10 16   2.7  10.6   7.1  11.0   2.7   6.4
2015 10 17   1.5   9.3   4.8   9.7   1.5   4.9
2015 10 18   3.7  10.3   8.5  10.5   3.0   7.1
2015 10 19   7.9  10.4   7.8  10.7   6.9   8.5
2015 10 20   7.4  10.1   8.0  10.4   7.2   8.4
2015 10 21   7.3  10.4   8.4  10.9   6.5   8.5
2015 10 22   9.6  12.5  11.5  12.7   8.3  10.9
2015 10 23  10.2  13.6  10.4  13.9  10.0  11.3
2015 10 24   5.6  11.7   9.7  12.4   5.5   8.7
2015 10 25   9.3  11.9   8.7  12.3   8.5   9.8
2015 10 26   4.2   8.3   7.0   8.7   4.0   6.3
2015 10 27   7.4   9.5   4.9   9.8   4.8   7.0
2015 10 28   0.8   7.9   5.3   8.9   0.1   4.3
2015 10 29   3.7   8.2   6.6   8.7   2.9   5.9
2015 10 30   5.6   7.1   7.1   7.3   4.5   6.4
2015 10 31   6.5  10.3   8.4  10.7   6.3   8.2
2015 11  1   7.8  10.5   9.7  10.8   7.6   9.2
2015 11  2   8.0  12.2  10.5  12.6   7.9  10.0
2015 11  3   7.4   8.4   7.4  10.5   7.2   7.9
2015 11  4   8.0   6.9   7.4   9.7   6.9   7.7
2015 11  5   6.2   9.7   9.3   9.9   4.3   8.0
2015 11  6   8.9  10.0   9.8  10.4   8.5   9.5
2015 11  7   8.7  10.4  10.8  11.6   8.6  10.0
2015 11  8   9.5   7.8   6.8  10.8   6.8   8.2
2015 11  9   8.4   9.7   7.5  10.1   5.0   8.1
2015 11 10   6.2   7.3   6.0   8.4   6.0   6.5
2015 11 11   5.8   7.4   5.4   7.8   5.2   6.1
2015 11 12   6.2   8.0   4.3   8.1   4.2   5.8
2015 11 13   3.5   8.0   9.4   9.9   2.4   6.8
2015 11 14   4.6   5.5   3.9   9.4   3.2   4.8
2015 11 15   4.4   7.0   3.9   7.2   3.3   4.8
2015 11 16   2.8   4.8   6.8   6.8   1.7   4.8
2015 11 17   4.4   6.5   5.0   8.1   4.3   5.3
2015 11 18   4.1   4.2   5.1   5.8   3.5   4.6
2015 11 19   3.2   3.5   2.9   5.4   2.6   3.3
2015 11 20  -0.6   0.1  -0.6   3.1  -1.1  -0.2
2015 11 21  -3.5  -1.4  -2.6  -0.5  -3.9  -2.6
2015 11 22  -4.4  -1.0  -1.5  -0.6  -4.7  -2.5
2015 11 23  -3.6  -1.8  -1.9  -1.5  -5.7  -2.7
2015 11 24  -0.5   2.9   4.2   4.2  -2.8   1.9
2015 11 25   3.6   3.8   3.6   4.4   3.2   3.7
2015 11 26   2.8   3.5   3.6   4.0   2.0   3.2
2015 11 27   6.0   8.9   8.0   9.1   2.4   7.1
2015 11 28   6.0   5.3   4.7   8.3   4.5   5.5
2015 11 29   2.8   4.5   3.3   5.9   1.3   3.4
2015 11 30   1.8   2.8   1.6   6.4   0.7   2.2
2015 12  1   0.6   2.9   1.8   3.0   0.4   1.5
2015 12  2  -0.1   1.7   2.8   2.8  -0.5   1.3
2015 12  3   7.9   6.0   4.6   8.3   2.8   6.1
2015 12  4   6.8   6.3   4.5   7.4   3.7   5.8
2015 12  5   6.9   8.4  10.9  11.1   3.8   8.5
2015 12  6  11.1  11.7   8.8  12.2   8.8  10.4
2015 12  7   7.2   7.6   4.8   8.8   4.8   6.4
2015 12  8  -0.2   4.3   5.2   5.2  -0.3   2.7
2015 12  9   7.6   8.4   6.7   8.5   5.2   7.3
2015 12 10   7.3   9.7   8.5  10.0   4.4   8.0
2015 12 11   4.4   5.2   3.8   8.8   3.8   4.7
2015 12 12   1.5   1.7   0.7   4.1   0.6   1.5
2015 12 13  -1.8  -1.0  -1.0   0.8  -2.1  -1.2
2015 12 14  -3.3  -2.2  -3.2  -0.9  -3.7  -2.9
2015 12 15  -1.1  -0.7  -1.7  -0.6  -4.3  -1.5
2015 12 16  -0.6   1.3  -0.2   1.5  -2.3  -0.2
2015 12 17   1.8   3.6   3.7   4.2  -0.9   2.6
2015 12 18   7.3   9.3   9.7   9.7   3.6   8.2
2015 12 19   9.5   8.9   8.6   9.7   7.8   9.0
2015 12 20  11.5  12.0  10.4  12.7   7.6  11.0
2015 12 21   8.4   9.5   8.6  11.6   7.9   8.9
2015 12 22   5.8   6.6   5.9   8.7   5.0   6.2
2015 12 23   7.6   7.9   6.6  10.0   5.7   7.4
2015 12 24   6.2   6.0   6.1   7.7   4.9   6.2
2015 12 25   6.7   6.2   6.4   8.2   5.7   6.6
2015 12 26   2.5   0.4  -1.6   6.6  -1.6   0.9
2015 12 27  -4.0  -0.5  -0.5   1.7  -4.3  -1.9
2015 12 28  -0.7  -0.4  -0.7   0.7  -2.3  -0.7
2015 12 29  -2.1   1.5   0.9   1.5  -2.8  -0.3
2015 12 30   1.9   2.5   1.7   2.6   0.9   1.9
2015 12 31   1.7   2.8   2.2   2.8   1.3   2.1
2016  1  1   2.7   1.6  -0.9   3.0  -0.9   1.1
2016  1  2  -2.2  -3.6  -3.6  -0.8  -4.6  -3.0
2016  1  3  -4.3  -4.4  -5.3  -3.0  -5.4  -4.6
2016  1  4  -7.1  -6.7  -3.9  -3.4  -8.4  -5.8
2016  1  5  -6.1  -8.4 -10.2  -3.7 -10.2  -7.9
2016  1  6 -11.7 -10.1 -12.5  -9.1 -12.5 -11.5
2016  1  7 -11.8  -9.8  -8.5  -8.5 -13.9 -10.3
2016  1  8  -6.2  -5.3  -5.5  -5.2  -8.5  -6.0
2016  1  9  -8.0  -7.7  -7.9  -5.0  -8.7  -7.7
2016  1 10  -3.5  -1.5  -0.7  -0.7  -8.1  -2.5
2016  1 11   0.6   1.8   2.0   3.0  -0.8   1.3
2016  1 12  -2.7  -4.2  -5.4   2.0  -5.5  -3.6
2016  1 13  -6.1  -4.8  -8.3  -4.7  -8.3  -6.7
2016  1 14 -12.7 -11.6 -13.5  -8.2 -13.5 -12.4
2016  1 15 -14.7 -11.2 -12.2 -10.8 -16.0 -13.1
2016  1 16 -13.2 -11.0 -11.5 -10.6 -13.9 -12.1
2016  1 17 -10.4  -7.9  -9.2  -7.7 -11.7  -9.5
2016  1 18  -6.2  -6.1  -5.9  -5.3  -9.2  -6.3
2016  1 19  -9.2  -5.4  -5.2  -4.6  -9.4  -6.9
2016  1 20  -9.6  -7.0  -6.0  -5.1  -9.9  -7.6
2016  1 21  -7.4  -5.1  -7.7  -4.9  -7.8  -6.9
2016  1 22  -9.8  -9.5 -10.7  -6.9 -10.7  -9.8
2016  1 23  -2.6  -0.4  -0.8   0.0 -10.7  -2.2
2016  1 24  -0.9   0.7   0.7   0.9  -1.9  -0.1
2016  1 25  -0.1   1.1   1.4   1.7  -0.4   0.7
2016  1 26   4.5   5.4   3.0   5.9   1.4   4.0
2016  1 27   5.0   7.2   5.7   7.6   2.5   5.6
2016  1 28   5.5   1.3   2.8   7.1   0.7   3.7
2016  1 29   3.5   5.4   5.5   6.1   1.5   4.5
2016  1 30   4.4   5.2   2.7   7.6   2.6   4.1
2016  1 31   1.0   2.7   1.0   2.8   0.1   1.3
2016  2  1  -2.6  -0.5   0.3   1.2  -2.8  -1.0
2016  2  2   3.4   6.1   5.1   6.2   0.1   4.4
2016  2  3   0.4  -0.4  -1.1   5.1  -1.6   0.1
2016  2  4  -3.0   0.2  -0.1   1.0  -3.0  -1.1
2016  2  5  -1.7   1.1  -1.2   1.3  -1.9  -0.8
2016  2  6   1.6   3.3   4.9   5.0  -2.4   2.9
2016  2  7   4.6   7.6   3.9   7.8   3.7   5.2
2016  2  8   3.8   5.5   4.0   5.5   3.7   4.3
2016  2  9   3.7   4.9   4.6   5.5   3.6   4.4
2016  2 10   3.4   4.6   3.4   5.1   2.3   3.7
2016  2 11   0.9   1.8   0.6   3.7   0.5   1.2
2016  2 12  -1.6  -0.6  -1.3   0.7  -1.9  -1.1
2016  2 13  -1.9   0.6   0.2   1.2  -2.3  -0.5
2016  2 14  -2.6  -3.0  -2.3   1.2  -4.1  -2.3
2016  2 15  -4.0  -3.4  -5.8  -2.2  -6.0  -4.5
2016  2 16  -6.8  -0.6  -1.7  -0.1  -7.0  -3.5
2016  2 17  -3.2   2.8  -0.6   2.9  -3.3  -0.7
2016  2 18  -0.1   1.7   1.1   1.7  -1.4   0.6
2016  2 19   0.4   1.5   0.2   2.0   0.2   0.7
2016  2 20   0.1   2.3   0.7   2.4  -0.9   0.8
2016  2 21   1.2   3.3   1.3   3.6   0.6   1.8
2016  2 22   0.8   2.4   1.1   2.7   0.5   1.3
2016  2 23  -1.4   2.1  -1.5   2.2  -1.8  -0.5
2016  2 24  -3.9   2.4   1.4   3.3  -4.0  -0.4
2016  2 25  -3.1   2.3   1.4   3.1  -3.2  -0.1
2016  2 26  -2.1   1.1  -1.6   1.5  -2.3  -1.0
2016  2 27  -3.6   2.1   1.4   3.1  -3.6  -0.4
2016  2 28  -2.1   2.8   0.7   3.2  -2.8   0.1
2016  2 29  -3.0   4.1   1.1   4.2  -3.3   0.2
2016  3  1  -2.3   2.6  -0.7   3.1  -2.6  -0.3
2016  3  2  -0.2   0.6  -0.1   1.3  -0.9   0.1
2016  3  3   1.6   2.9   2.3   3.3  -0.4   2.0
2016  3  4   1.8   2.8   1.8   2.9   1.6   2.1
2016  3  5   0.7   1.0   0.1   1.8   0.0   0.6
2016  3  6   0.5   1.4   1.0   1.5   0.1   0.9
2016  3  7   1.5   2.5   3.1   3.2   0.3   2.2
2016  3  8   1.6   4.7   3.2   5.7   1.2   3.1
2016  3  9   1.2   4.4   2.7   5.0   1.0   2.7
2016  3 10  -1.1   5.9   3.8   6.5  -1.3   2.5
2016  3 11   0.4   5.6   4.3   6.1   0.3   3.1
2016  3 12  -0.8   6.3   2.3   6.6  -1.3   2.2
2016  3 13  -1.2   3.7   2.4   3.7  -2.3   1.2
2016  3 14   2.8   8.7   6.6   9.0   1.9   5.6
2016  3 15   3.9   7.4   6.1   8.2   3.7   5.7
2016  3 16   1.5  10.1   8.7  10.4   1.3   6.2
2016  3 17   3.1  10.7   7.8  10.9   2.5   6.7
2016  3 18   0.4   1.9   0.5   7.9   0.3   1.5
2016  3 19  -0.8   3.8   0.7   4.6  -1.3   1.1
2016  3 20  -0.2   3.1   1.0   3.9  -0.4   1.2
2016  3 21   1.6   2.2   1.6   3.7   0.8   1.9
2016  3 22   0.3   1.5   1.5   2.0  -0.1   1.0
2016  3 23   1.3   2.6   2.0   3.8   0.1   1.9
2016  3 24  -2.0   7.2   2.2   7.5  -2.1   2.0
2016  3 25   2.6   6.5   5.1   7.0   2.0   4.5
2016  3 26   3.8  10.2   6.4  11.4   3.8   6.6
2016  3 27   4.4   7.9   5.2   9.2   3.1   5.7
2016  3 28   5.2  12.1   5.2  12.6   4.1   7.3
2016  3 29   5.5   8.8   7.1   9.8   4.3   7.0
2016  3 30   4.7   8.6   6.0  10.0   2.6   6.2
2016  3 31   2.1   6.7   5.1   8.3   1.2   4.4
2016  4  1   1.8   7.1   6.9   9.0   0.8   4.8
2016  4  2   2.6   6.4   6.7   7.9   0.9   4.7
2016  4  3   7.0  11.3   8.4  12.0   6.1   8.5
2016  4  4   4.8   5.9   3.6   8.5   3.4   4.7
2016  4  5   4.8  10.6   8.7  10.9   3.6   7.4
2016  4  6   5.3   7.2   7.8   8.8   5.1   6.7
2016  4  7   7.9   6.5   6.4   9.3   5.6   6.9
2016  4  8   5.3   6.0   7.1  10.0   4.4   6.3
2016  4  9   4.8   8.3   7.0  10.0   4.6   6.6
2016  4 10   4.0  11.0   7.6  13.1   0.9   6.7
2016  4 11   6.2  12.7   8.4  13.4   3.2   8.2
2016  4 12   6.1  14.0   9.7  14.4   2.6   8.8
2016  4 13   6.9  13.1   7.7  14.1   3.3   8.3
2016  4 14   2.8   6.8   4.7   7.9   1.2   4.3
2016  4 15   5.2  12.3   6.9  12.4   2.1   7.1
2016  4 16   5.6   6.2   6.3   8.4   3.0   5.7
2016  4 17   5.7   9.8   7.1  10.9   4.3   7.1
2016  4 18   6.3  10.3   9.4  11.9   5.4   8.3
2016  4 19   6.7   7.0   7.7  10.0   4.5   7.0
2016  4 20   4.5   9.3   8.0  10.5   3.5   6.8
2016  4 21   6.1  13.0   6.4  13.8   3.3   7.7
2016  4 22   3.4   8.5   4.4   9.9   2.5   5.1
2016  4 23   3.5   6.7   3.8   7.9   1.9   4.3
2016  4 24   0.7   4.5   3.9   5.5  -0.3   2.6
2016  4 25   0.7   6.0   4.2   8.5  -0.8   3.2
2016  4 26   5.0   8.0   5.8   9.5   1.4   5.5
2016  4 27   2.1   3.8   5.5   5.8   0.8   3.5
2016  4 28   3.3   6.3   5.4   7.0   1.2   4.4
2016  4 29   6.0   9.7   7.2  11.1   2.4   6.9
2016  4 30   6.5  12.3   9.2  12.9   3.0   8.3
2016  5  1   6.7  16.8  11.8  17.2   4.7  10.4
2016  5  2   9.2  16.9  14.0  17.6   6.7  12.1
2016  5  3  10.7  19.3  14.5  19.7   7.0  13.3
2016  5  4  10.6  19.2  17.1  19.9   6.6  13.7
2016  5  5  11.5  18.8  16.1  19.5   8.4  14.0
2016  5  6  11.5  19.0  16.7  19.9   8.5  14.3
2016  5  7  13.4  22.7  16.5  22.7   9.2  15.9
2016  5  8  14.7  22.8  17.7  23.4   9.6  16.6
2016  5  9  16.3  26.1  21.3  26.5  11.0  19.1
2016  5 10  17.2  24.9  20.5  26.1  11.8  19.0
2016  5 11   9.5  14.4  11.3  20.5   6.5  11.2
2016  5 12  10.2  17.0  11.9  17.2   4.5  11.2
2016  5 13   9.6  15.8   8.3  16.9   6.4  10.5
2016  5 14   7.7   9.6   6.4  10.4   5.4   7.5
2016  5 15   6.0   8.3   6.2   9.0   5.4   6.7
2016  5 16   6.4  10.3   9.9  11.4   5.8   8.3
2016  5 17   6.9  11.2  10.3  15.2   5.0   8.9
2016  5 18  10.0  16.4  13.2  17.4   6.7  11.9
2016  5 19  12.1  18.7  13.7  18.7  10.7  14.1
2016  5 20  11.8  17.9  14.7  21.4  10.9  14.4
2016  5 21  11.8  14.6  15.3  17.8  11.0  13.6
2016  5 22  15.8  18.9  16.6  20.1  10.7  15.8
2016  5 23  16.5  22.6  17.5  23.2  12.0  17.5
2016  5 24  17.2  24.1  15.4  25.0  12.1  17.7
2016  5 25  11.7  11.8   9.9  15.5   8.7  10.9
2016  5 26   9.0  10.0   8.9  10.1   8.5   9.2
2016  5 27   9.2  11.5  10.7  12.1   8.2  10.0
2016  5 28  10.4  15.4  14.2  16.0   9.0  12.5
2016  5 29  12.5  15.7  13.0  16.6  11.2  13.3
2016  5 30  13.7  20.0  18.7  21.1   9.2  15.7
2016  5 31  16.2  23.5  19.5  24.8  10.9  18.0
2016  6  1  17.9  23.5  19.8  24.0  13.8  19.0
2016  6  2  19.4  27.2  22.7  27.6  13.8  21.0
2016  6  3  19.4  27.2  20.5  28.6  13.9  20.6
2016  6  4  13.8  17.7  13.7  20.5  11.9  14.7
2016  6  5  12.1  15.4  11.5  16.9   9.5  12.4
2016  6  6  10.8  19.4  14.2  20.5   6.0  13.0
2016  6  7  16.8  25.1  20.1  26.6  11.3  18.7
2016  6  8  10.9  15.4  15.4  20.1   7.0  12.7
2016  6  9   9.6  13.8  11.0  16.2   8.1  11.0
2016  6 10  10.7  11.2   7.5  14.2   7.3   9.5
2016  6 11   8.7  13.3  12.8  15.2   5.3  10.3
2016  6 12  11.4  17.0  15.4  18.0   6.2  12.7
2016  6 13  15.4  23.5  17.7  24.6   9.3  16.8
2016  6 14  16.1  21.3  16.1  22.0  10.9  16.3
2016  6 15  16.8  21.8  18.8  22.8  10.9  17.3
2016  6 16  14.6  13.6  13.5  18.9  13.2  14.2
2016  6 17  13.3  19.8  18.9  21.4  12.6  16.5
2016  6 18  12.3  14.8  13.3  18.9  12.1  13.6
2016  6 19  15.6  19.5  17.3  20.7  12.8  16.5
2016  6 20  15.9  20.2  16.6  21.8  13.1  16.7
2016  6 21  16.8  22.0  18.8  23.5  12.5  17.8
2016  6 22  17.0  24.0  20.4  25.7  14.3  19.3
2016  6 23  18.5  23.3  21.4  24.3  16.4  20.1
2016  6 24  15.5  17.1  19.9  21.4  15.4  17.4
2016  6 25  20.5  28.0  26.5  29.8  16.9  23.4
2016  6 26  19.9  17.0  18.6  26.5  17.0  18.9
2016  6 27  16.0  21.6  20.5  23.4  14.4  18.5
2016  6 28  18.9  23.0  19.9  23.4  14.0  19.1
2016  6 29  16.4  21.6  17.9  23.6  13.6  17.7
2016  6 30  17.9  22.3  19.3  23.3  15.8  19.1
2016  7  1  17.0  20.7  19.8  21.6  15.4  18.4
2016  7  2  18.0  22.3  16.7  23.1  16.6  18.6
2016  7  3  14.0  20.1  17.2  21.4  12.5  16.3
2016  7  4  15.8  21.2  17.8  22.0  12.3  17.0
2016  7  5  15.8  22.0  17.8  22.9  12.4  17.2
2016  7  6  16.6  22.5  18.9  23.5  13.3  18.1
2016  7  7  14.6  20.8  20.3  21.9  12.6  17.4
2016  7  8  16.1  22.0  20.2  24.3  13.4  18.3
2016  7  9  18.2  25.6  15.8  26.2  14.6  18.7
2016  7 10  15.3  22.8  21.2  24.4  13.8  18.7
2016  7 11  18.7  24.5  18.7  25.2  16.5  19.8
2016  7 12  17.2  21.9  19.7  23.6  15.0  18.7
2016  7 13  16.9  19.0  17.6  19.8  14.7  17.2
2016  7 14  16.5  20.4  19.8  23.3  14.3  18.1
2016  7 15  16.0  16.9  18.8  20.0  15.3  17.1
2016  7 16  15.4  22.4  19.8  23.4  14.7  18.4
2016  7 17  15.9  21.6  19.6  22.9  15.5  18.5
2016  7 18  16.6  24.0  16.1  24.5  13.4  17.7
2016  7 19  16.6  22.8  18.7  24.0  13.8  18.2
2016  7 20  20.4  25.6  21.3  25.6  13.9  20.3
2016  7 21  17.6  25.0  21.6  26.5  13.0  19.6
2016  7 22  16.2  24.5  22.6  26.0  15.3  20.1
2016  7 23  17.8  26.2  21.7  27.8  14.4  20.4
2016  7 24  20.1  26.8  23.3  29.3  16.9  22.2
2016  7 25  21.2  24.0  24.3  28.8  17.8  22.4
2016  7 26  20.4  25.5  19.8  27.0  17.6  21.1
2016  7 27  17.0  22.6  20.6  24.2  15.0  19.1
2016  7 28  19.2  21.5  20.3  23.7  17.2  19.8
2016  7 29  18.1  25.2  21.3  26.6  15.6  20.4
2016  7 30  20.1  24.8  19.5  25.1  16.9  20.4
2016  7 31  16.3  21.1  20.4  23.6  14.5  18.5
2016  8  1  15.6  23.5  19.1  23.9  14.4  18.6
2016  8  2  15.3  19.8  18.9  22.5  13.6  17.4
2016  8  3  15.3  21.0  18.2  23.3  13.2  17.5
2016  8  4  16.2  21.6  18.6  22.3  13.7  17.9
2016  8  5  17.9  22.9  19.4  23.6  15.2  19.2
2016  8  6  18.2  21.4  19.6  24.0  15.5  19.1
2016  8  7  17.2  24.0  20.3  24.2  15.6  19.7
2016  8  8  17.5  21.1  19.6  22.7  16.3  19.0
2016  8  9  14.4  18.0  16.7  20.0  13.5  16.0
2016  8 10  12.5  16.0  15.4  17.8  11.1  14.1
2016  8 11   9.5  14.3  13.0  17.9   8.6  12.0
2016  8 12  12.5  19.3  15.5  19.7   9.2  14.5
2016  8 13  16.1  21.1  20.6  22.6  13.1  18.1
2016  8 14  15.2  15.9  16.7  20.6  12.1  15.4
2016  8 15  12.3  14.0  16.1  17.1  10.9  13.7
2016  8 16  13.3  17.7  17.1  18.6  12.0  15.3
2016  8 17  14.9  13.9  13.6  17.2  13.5  14.2
2016  8 18  14.4  14.2  14.3  15.4  13.3  14.1
2016  8 19  14.4  18.6  15.7  19.1  13.7  15.9
2016  8 20  15.8  21.0  18.1  22.9  14.1  17.7
2016  8 21  16.0  18.7  16.9  19.1  14.8  16.8
2016  8 22  16.1  21.6  18.4  23.7  15.5  18.4
2016  8 23  15.4  20.8  20.4  22.6  14.8  18.3
2016  8 24  17.0  23.1  19.3  24.7  14.2  18.9
2016  8 25  17.9  23.4  18.9  25.5  15.5  19.5
2016  8 26  19.5  26.4  20.8  26.7  16.7  21.3
2016  8 27  16.6  20.7  19.7  22.4  15.3  18.4
2016  8 28  15.1  15.0  13.4  19.7  12.1  14.3
2016  8 29  13.3  15.8  15.2  16.1  12.4  14.3
2016  8 30  11.2  18.4  17.2  19.4   9.8  14.6
2016  8 31  15.2  22.0  18.9  22.3  13.9  17.9
2016  9  1  16.2  19.1  17.3  20.1  14.9  17.3
2016  9  2  14.5  20.7  16.8  21.4  13.0  16.9
2016  9  3  14.6  17.3  15.2  18.0  13.5  15.5
2016  9  4  13.1  17.3  13.1  17.9  11.3  14.2
2016  9  5  11.5  17.7  13.5  18.4  10.9  14.0
2016  9  6  13.6  19.9  19.5  21.7  10.7  16.8
2016  9  7  19.0  23.8  20.2  24.1  16.9  20.5
2016  9  8  14.7  19.5  15.8  20.3  13.8  16.5
2016  9  9  15.7  19.0  16.3  20.3  14.3  16.8
2016  9 10  15.2  23.4  19.0  23.5  13.9  18.6
2016  9 11  14.9  22.0  19.5  22.5  14.7  18.4
2016  9 12  13.2  20.9  17.6  21.7  11.8  16.6
2016  9 13  14.3  21.5  19.7  22.2  12.3  17.7
2016  9 14  14.8  21.6  16.8  21.9  14.1  17.4
2016  9 15  16.4  22.0  16.7  23.0  14.9  18.2
2016  9 16   9.8  16.5  13.0  17.2   9.1  12.7
2016  9 17   9.5  17.5  13.1  18.8   7.9  12.8
2016  9 18  11.3  16.5  12.6  17.1   9.0  13.0
2016  9 19  11.4  17.2  16.8  18.4   9.5  14.4
2016  9 20  13.4  15.8  13.0  16.9  13.0  14.1
2016  9 21  10.7  17.0  13.9  17.1   9.6  13.4
2016  9 22  11.2  14.3  12.3  15.5  11.0  12.6
2016  9 23  10.6  14.0  12.6  14.8   8.7  11.9
2016  9 24  10.8  15.9  12.7  16.6  10.6  13.0
2016  9 25  11.4  17.9  13.8  18.5  10.5  14.0
2016  9 26  13.1  18.9  14.3  19.5  12.3  15.2
2016  9 27  12.9  18.2  13.7  19.4  12.4  14.9
2016  9 28  12.5  15.9  14.3  16.3  12.3  14.1
2016  9 29  11.2  15.9  13.9  18.0  10.6  13.5
2016  9 30  12.1  15.1  12.1  15.5  11.9  13.1
2016 10  1  10.4  14.2  11.5  15.0  10.1  11.9
2016 10  2   8.0  14.6  10.1  15.3   7.0  10.6
2016 10  3   6.1  11.7   8.2  12.7   5.4   8.4
2016 10  4   6.1   9.8   7.0  10.6   4.4   7.4
2016 10  5   4.0  10.4   7.2  10.8   3.6   6.9
2016 10  6   5.8  12.1   8.3  12.7   4.7   8.4
2016 10  7   5.5  11.8   8.0  12.2   5.1   8.1
2016 10  8   7.5   7.7   7.8   8.4   7.3   7.7
2016 10  9   7.8   8.9   8.2   9.8   5.9   8.1
2016 10 10   6.7   8.0   7.0   8.2   6.7   7.2
2016 10 11   7.3   8.8   7.4   8.8   6.9   7.7
2016 10 12   6.8   7.5   6.9   7.8   6.4   7.0
2016 10 13   5.6   6.6   4.9   7.0   4.9   5.6
2016 10 14   5.8   6.3   5.3   6.7   4.6   5.7
2016 10 15   6.1   6.5   6.6   6.7   5.1   6.3
2016 10 16   7.2   7.4   6.5   8.2   6.4   7.0
2016 10 17   7.2   9.3   8.5  10.2   6.1   8.2
2016 10 18   8.2   9.0   8.1   9.3   7.2   8.3
2016 10 19   8.3   9.0   8.2   9.5   7.7   8.5
2016 10 20   7.0   8.2   6.9   9.0   6.7   7.4
2016 10 21   7.5   6.8   5.7   7.7   5.7   6.6
2016 10 22   4.6   4.2   4.4   5.7   3.7   4.5
2016 10 23   5.2   5.8   5.8   6.0   4.0   5.5
2016 10 24   6.6   7.0   6.5   7.3   5.7   6.6
2016 10 25   4.2   4.0   3.6   6.6   3.3   4.1
2016 10 26   3.6   4.7   5.0   5.2   2.8   4.3
2016 10 27   6.7  10.4   9.8  10.8   4.9   8.6
2016 10 28   9.5  11.1   7.9  11.5   7.8   9.3
2016 10 29   5.1   8.2   8.0   8.5   4.6   6.9
2016 10 30   5.2   7.6   7.1   8.0   5.2   6.5
2016 10 31   2.5   6.0   5.3   7.2   2.3   4.5
2016 11  1   3.0   3.7   2.5   5.4   2.5   3.1
2016 11  2   0.6   1.1   1.1   3.1   0.3   1.1
2016 11  3   1.2   2.0   0.1   2.2   0.1   0.9
2016 11  4  -1.3  -0.1  -0.7   0.3  -1.6  -0.8
2016 11  5  -0.1   2.8   0.0   3.3  -1.3   0.6
2016 11  6  -0.9  -1.5  -2.3   0.0  -2.7  -1.6
2016 11  7  -2.7  -2.4  -3.2  -1.5  -3.3  -2.8
2016 11  8  -3.1  -2.6  -2.8  -2.2  -3.3  -2.8
2016 11  9  -1.0  -0.6  -0.3   0.0  -3.3  -0.8
2016 11 10   0.4   1.6   0.1   1.7  -1.9   0.4
2016 11 11  -0.5  -1.4  -2.0   0.1  -2.4  -1.3
2016 11 12  -2.6  -0.1  -0.1   0.3  -3.3  -1.1
2016 11 13   0.3   1.8   2.0   2.2  -0.6   1.2
2016 11 14   1.4   2.0   2.1   2.3   1.2   1.8
2016 11 15   3.3   3.4   3.6   3.8   2.1   3.3
2016 11 16   0.8   3.6   3.9   4.6   0.4   2.6
2016 11 17   4.2   5.6   3.5   5.8   3.5   4.3
2016 11 18   5.3   7.4   4.4   7.6   3.3   5.4
2016 11 19   4.7   6.0   4.3   6.6   4.0   4.9
2016 11 20   3.8   4.0   4.4   5.5   2.6   4.1
2016 11 21   8.6   9.2   7.9   9.4   4.3   8.1
2016 11 22   7.5   7.6   7.4   8.1   7.2   7.5
2016 11 23   7.2   8.2   7.5   8.3   7.1   7.6
2016 11 24   3.4   3.5   1.8   7.5   1.8   3.1
2016 11 25   0.7   1.9   4.6   4.7  -0.2   2.5
2016 11 26   6.5   7.2   5.7   8.6   4.6   6.4
2016 11 27   0.3  -0.6  -0.6   5.9  -1.4   0.2
2016 11 28  -2.3  -0.1   0.1   2.2  -2.7  -0.7
2016 11 29   1.1   2.5   1.1   2.7   0.0   1.4
2016 11 30   1.5   2.8   1.8   3.0   0.4   1.9
2016 12  1   0.2   0.5  -0.6   1.9  -0.9   0.1
2016 12  2   0.0   1.3  -0.3   1.4  -1.7   0.1
2016 12  3  -2.2  -0.9  -3.1  -0.2  -3.4  -2.2
2016 12  4  -2.2   0.3   1.1   1.1  -4.2  -0.7
2016 12  5   5.4   6.5   3.2   6.8   0.8   4.6
2016 12  6  -1.0   0.2  -1.5   3.3  -1.5  -0.6
2016 12  7   0.0   2.4   2.1   2.8  -2.4   1.1
2016 12  8   7.7   9.4   7.2   9.7   2.1   7.4
2016 12  9   6.1   7.3   5.8   7.8   4.9   6.2
2016 12 10   0.4   0.4  -1.1   5.9  -1.2   0.3
2016 12 11   0.1  -1.1  -1.4   0.1  -1.6  -0.7
2016 12 12  -5.4  -2.4  -2.3  -1.2  -5.9  -3.6
2016 12 13  -1.0   1.2   1.6   2.2  -2.4   0.3
2016 12 14   1.4   1.9  -0.1   2.2  -0.2   0.9
2016 12 15  -1.8  -0.5  -1.3   0.0  -2.4  -1.3
2016 12 16   0.6   0.9   0.7   1.2  -1.3   0.5
2016 12 17  -0.6   1.4   2.2   2.2  -0.6   0.8
2016 12 18   0.7   1.7   0.3   2.9   0.1   0.9
2016 12 19   2.3   3.8   3.2   3.9   0.3   2.8
2016 12 20   5.4   5.6   4.8   5.9   3.1   5.1
2016 12 21   1.3   3.3   2.5   4.9   0.9   2.3
2016 12 22   4.8   5.3   3.9   5.7   2.3   4.4
2016 12 23   4.6   4.5   2.7   5.0   2.2   3.8
2016 12 24   5.3   5.4   4.5   6.2   2.2   4.8
2016 12 25   2.2   4.5   3.2   4.6   1.7   3.0
2016 12 26   7.8   5.3   3.5   9.4   3.0   5.8
2016 12 27   0.9   3.0   2.2   3.5   0.7   1.9
2016 12 28   0.4   0.4  -0.7   2.3  -1.3   0.1
2016 12 29   3.4   5.9   4.9   6.2  -1.3   4.1
2016 12 30   5.5   6.8   7.8   7.8   4.8   6.6
2016 12 31   9.5  10.2   9.0  10.5   7.6   9.4
2017  1  1   6.6   3.9   0.7   9.2   0.5   4.0
2017  1  2  -0.8  -1.0  -1.4   1.0  -1.9  -1.0
2017  1  3  -4.7  -4.0  -0.9  -0.6  -5.6  -3.1
2017  1  4  -1.5  -5.4  -7.2   0.0  -7.2  -4.3
2017  1  5  -9.5  -9.2 -11.8  -6.9 -11.8 -10.2
2017  1  6 -12.5  -8.4  -6.3  -5.7 -13.8  -9.4
2017  1  7  -4.2  -2.1  -3.3  -1.8  -6.5  -3.6
2017  1  8  -6.2  -5.5  -1.3  -1.3  -6.6  -4.1
2017  1  9   0.1   1.5   3.2   3.3  -1.3   1.5
2017  1 10   2.5   1.1   1.2   3.4   1.1   1.8
2017  1 11   1.8   2.0   0.0   2.3   0.0   1.1
2017  1 12   2.6   2.6   2.0   2.9   0.0   2.2
2017  1 13   1.8   1.4   0.7   2.4   0.6   1.3
2017  1 14  -0.1  -2.6  -2.5   0.7  -3.8  -1.5
2017  1 15  -2.4  -4.0  -2.8  -1.1  -4.5  -2.8
2017  1 16  -4.2  -1.2  -1.1  -0.7  -4.8  -2.5
2017  1 17  -4.7  -2.4  -0.9  -0.8  -5.1  -2.8
2017  1 18   0.9   1.7   3.2   3.2  -0.9   1.8
2017  1 19   3.4   4.1   5.2   5.8   2.7   4.3
2017  1 20   2.1   6.1   4.6   6.2   2.1   3.9
2017  1 21   1.2   3.4   3.2   5.4   0.8   2.6
2017  1 22   0.4   0.4   1.9   3.4  -0.6   1.1
2017  1 23   3.0   3.0   1.1   3.3   1.1   2.2
2017  1 24  -0.4  -0.6   0.8   1.1  -1.1   0.0
2017  1 25  -0.6   1.2   2.9   2.9  -1.0   1.1
2017  1 26   4.5   4.5   3.6   4.8   2.9   4.1
2017  1 27   0.1  -0.5   0.1   3.7  -1.0   0.3
2017  1 28  -0.8  -1.2  -2.5   0.2  -2.8  -1.5
2017  1 29   0.8   1.4  -0.1   2.2  -2.7   0.4
2017  1 30   1.5   3.3   3.7   4.4  -0.2   2.6
2017  1 31   1.5   2.4   1.7   3.7   1.3   1.9
2017  2  1  -0.1   0.3  -0.2   1.8  -0.5   0.1
2017  2  2  -1.3   0.7   0.5   0.9  -1.6  -0.2
2017  2  3  -0.3  -0.2   0.3   0.7  -0.5  -0.0
2017  2  4   1.9   2.0   0.9   2.3   0.3   1.5
2017  2  5   0.0   1.1   0.8   1.2  -0.2   0.5
2017  2  6  -1.5  -2.2  -2.7   0.9  -3.2  -1.9
2017  2  7  -5.0  -4.2  -4.7  -2.7  -5.1  -4.5
2017  2  8  -4.8  -2.1  -3.4  -1.7  -4.9  -3.6
2017  2  9  -4.7  -1.7  -3.2  -1.4  -5.3  -3.4
2017  2 10  -1.6  -0.3  -2.8   0.0  -3.5  -1.8
2017  2 11  -3.6  -1.6  -2.2  -0.5  -4.4  -2.6
2017  2 12  -3.6  -0.3  -2.0   0.0  -4.6  -2.3
2017  2 13  -2.4   0.9   1.2   2.5  -2.4  -0.2
2017  2 14  -0.5   6.1   3.8   6.5  -1.3   2.6
2017  2 15  -0.4   5.6   2.9   7.1  -0.8   2.4
2017  2 16  -1.4   3.9   3.2   4.1  -1.6   1.5
2017  2 17   1.3   4.4   3.5   5.9   1.1   3.0
2017  2 18  -1.8   5.4   2.2   6.6  -2.1   1.5
2017  2 19   5.1   6.4   6.2   7.2   1.8   5.6
2017  2 20   4.0   5.3   4.9   6.2   3.6   4.7
2017  2 21  -0.7   0.0  -1.0   5.1  -1.0  -0.1
2017  2 22  -0.3   1.6   2.6   2.9  -2.9   1.0
2017  2 23  -0.8  -0.8  -1.3   3.1  -1.3  -0.6
2017  2 24  -5.7  -0.9  -0.5   0.4  -5.8  -2.6
2017  2 25  -3.9   0.0   0.1   0.9  -4.2  -1.5
2017  2 26   0.7   0.4  -0.7   1.1  -0.9   0.1
2017  2 27  -0.7   2.6   3.9   4.7  -1.2   1.8
2017  2 28   3.6   4.0   4.1   4.9   3.1   3.9
2017  3  1   2.0   5.4   3.0   5.6   1.2   3.3
2017  3  2   2.5   4.9   2.7   5.5   2.0   3.3
2017  3  3   1.0   1.7   0.9   2.7   0.7   1.3
2017  3  4  -0.1  -0.6  -1.2   1.2  -1.2  -0.5
2017  3  5  -2.0  -2.0  -2.0  -0.8  -2.5  -1.9
2017  3  6  -1.9  -1.2  -2.1   0.0  -2.2  -1.6
2017  3  7  -4.1  -2.6  -1.0  -0.9  -4.2  -2.6
2017  3  8  -2.3  -0.9  -1.4  -0.5  -2.7  -1.6
2017  3  9   1.3   2.9   2.9   3.4  -2.2   1.9
2017  3 10   2.4   4.4   1.1   4.8   1.1   2.6
2017  3 11  -1.7   4.7   3.2   5.6  -1.7   1.7
2017  3 12   1.3   7.3   4.3   7.5   0.0   3.9
2017  3 13   3.0   7.2   2.2   7.5   2.2   4.0
2017  3 14   3.5   7.8   7.0   8.0   2.2   5.7
2017  3 15   4.6   8.6   7.8   9.9   4.1   6.8
2017  3 16   2.2   7.6   5.9   8.4   2.0   5.0
2017  3 17   5.3   8.0   5.6   8.7   4.8   6.2
2017  3 18   0.7   7.1   3.5   7.2   0.5   3.5
2017  3 19  -1.5   4.5   1.0   5.0  -1.8   1.1
2017  3 20   0.9   1.7   1.7   3.0  -0.6   1.4
2017  3 21   1.0   8.0   6.3   9.1   0.4   4.7
2017  3 22   3.1   7.4   6.2   8.5   1.6   5.3
2017  3 23   1.7   6.6   5.2   7.5   0.2   4.1
2017  3 24  -0.1   6.4   6.9   7.8  -1.1   3.9
2017  3 25   2.6   9.0   7.4   9.6   2.0   5.9
2017  3 26   6.3  13.3  15.4  17.5   3.9  11.2
2017  3 27   7.9  16.5  14.2  17.1   6.7  12.3
2017  3 28   3.5   7.5   2.6  14.4   2.6   5.1
2017  3 29   2.6   1.8   1.4   3.5   0.6   2.0
2017  3 30   0.2   6.6   0.9   7.0  -0.3   2.4
2017  3 31   1.8   2.9   2.6   3.3   0.8   2.3
2017  4  1   3.8   8.3   9.1  12.1   2.0   6.7
2017  4  2   7.8  13.2  11.6  14.4   6.9  10.4
2017  4  3   0.9   9.4   4.3  11.7   0.4   4.4
2017  4  4   3.5  12.2   8.8  12.7   0.7   7.0
2017  4  5   6.5  11.3   6.0  12.0   5.7   7.6
2017  4  6   3.5   9.3   6.2   9.8   2.0   5.7
2017  4  7   4.2  11.0   6.0  11.6   3.2   6.5
2017  4  8   3.8   8.6   7.6  10.0   2.6   6.2
2017  4  9   6.1  13.6  11.7  14.3   5.4   9.8
2017  4 10   8.1  10.9   8.3  11.7   7.2   8.9
2017  4 11   4.2   7.3   6.9   8.5   4.1   6.0
2017  4 12   3.3   3.7   2.6   6.9   2.0   3.3
2017  4 13   1.2   2.4   2.1   3.0   0.1   1.7
2017  4 14  -0.4   2.4  -0.6   3.0  -1.6   0.2
2017  4 15  -1.5   3.3   0.9   5.4  -4.2   0.3
2017  4 16  -1.4  -0.4  -1.2   1.2  -3.2  -1.2
2017  4 17  -0.8   4.7   1.2   5.2  -3.2   0.9
2017  4 18   0.1   2.2   2.6   3.8  -2.3   1.1
2017  4 19   2.9   8.5   6.2  10.2  -1.1   4.9
2017  4 20   4.8   6.8   6.4   9.0   1.6   5.5
2017  4 21   7.9  12.2   4.5  13.5   3.8   7.4
2017  4 22   4.7   8.2   7.0   9.0   3.1   6.1
2017  4 23   3.5   8.2   6.1   9.5   1.3   5.3
2017  4 24   5.8   7.4   1.9   9.4   0.6   4.3
2017  4 25   2.3   2.8   2.7   4.7   0.4   2.4
2017  4 26   1.6   4.8   5.5   6.9   0.6   3.7
2017  4 27   4.8   9.3   7.9  10.7   1.0   6.4
2017  4 28   5.8   6.5   3.5   9.6   2.7   5.0
2017  4 29   4.5   9.0   5.4  10.6   1.0   5.5
2017  4 30   3.0   9.3   9.6  11.9   1.1   6.6
2017  5  1   9.1  14.7  11.4  15.7   4.4  10.2
2017  5  2   9.1  15.6  10.9  16.5   5.6  10.7
2017  5  3   9.5  14.0   9.3  15.4   4.2   9.6
2017  5  4   6.7  12.0   8.4  13.2   3.0   7.9
2017  5  5   7.9  17.9  17.1  19.7   2.3  11.8
2017  5  6  12.7  13.6  10.3  17.3  10.0  12.1
2017  5  7   5.4  11.6   7.8  12.5   2.4   7.2
2017  5  8   2.7   3.8   2.4   7.8   2.1   3.2
2017  5  9   1.8   0.6   3.5   5.6  -1.4   1.5
2017  5 10   2.1   5.6   2.9   6.6  -1.1   2.6
2017  5 11   3.8   6.6   5.9   9.2   0.0   4.4
2017  5 12   6.8  10.2   6.5  10.6   2.8   6.8
2017  5 13   7.5  12.6   8.5  13.1   2.6   8.1
2017  5 14   9.0  15.4  12.3  16.8   6.3  11.1
2017  5 15   7.5   8.5   6.8  12.4   6.7   7.8
2017  5 16   6.8  13.4   8.4  14.3   1.4   7.9
2017  5 17   8.2  10.6  13.3  14.0   6.1   9.9
2017  5 18  12.9  20.9  17.1  22.0  11.2  16.0
2017  5 19  18.2  27.1  21.6  27.6  12.5  20.3
2017  5 20  13.9  16.6  14.1  21.6  13.1  15.1
2017  5 21  12.0  20.2  19.0  21.4   9.3  15.5
2017  5 22  12.2  17.4  17.2  19.1  10.0  14.5
2017  5 23  11.0  16.9  13.8  17.5   9.9  13.2
2017  5 24  13.1  21.1  17.1  22.1   8.0  15.2
2017  5 25  13.0  19.2  13.8  20.1  11.4  14.7
2017  5 26  13.1  17.4  13.7  19.5  11.7  14.4
2017  5 27  14.6  23.2  24.6  25.9  11.6  19.0
2017  5 28  19.6  28.0  21.4  28.9  16.6  21.9
2017  5 29  15.7  16.1  13.7  24.6  13.6  15.7
2017  5 30  11.7  10.3  12.3  14.1   9.9  11.3
2017  5 31  10.8  13.9  11.1  16.0  10.6  12.0
2017  6  1   8.8  13.4  11.0  15.2   7.4  10.5
2017  6  2   8.2  13.5  12.2  14.7   5.2  10.0
2017  6  3  12.4  16.3  12.8  16.4   7.1  12.3
2017  6  4  11.8  15.8  13.3  17.2  10.4  13.1
2017  6  5  10.2  16.6  17.0  19.2   9.8  13.8
2017  6  6  15.6  20.4  17.1  22.4  11.8  16.6
2017  6  7  16.8  12.4  13.8  18.8  12.0  14.2
2017  6  8  13.6  14.5  14.0  16.8  10.2  13.3
2017  6  9  14.0  17.6  14.7  19.2  11.5  14.7
2017  6 10  15.7  21.6  16.3  21.8  10.9  16.3
2017  6 11  16.0  21.8  18.0  22.3  12.7  17.4
2017  6 12  13.7  18.8  14.4  20.1  12.5  15.2
2017  6 13  12.7  12.3  15.3  15.3  11.8  13.3
2017  6 14  16.2  21.8  18.7  24.8  10.8  17.3
2017  6 15  18.5  14.9  19.1  24.5  14.1  17.4
2017  6 16  16.7  21.3  16.1  21.9  14.2  17.3
2017  6 17  15.6  23.7  21.8  25.5  11.3  18.5
2017  6 18  17.8  24.0  24.6  26.0  16.2  21.0
2017  6 19  18.7  22.8  18.0  24.6  17.1  19.5
2017  6 20  14.8  18.0  16.3  19.7  13.8  16.0
2017  6 21  12.6  17.9  17.6  19.0  11.8  15.2
2017  6 22  13.4  18.7  14.7  19.4  12.0  15.0
2017  6 23  14.4  17.2  14.9  19.8  10.9  14.7
2017  6 24  13.1  16.7  17.7  20.3  11.4  15.2
2017  6 25  13.7  15.9  15.3  18.5  12.0  14.5
2017  6 26  13.2  11.9  15.9  18.0  10.4  13.4
2017  6 27  12.3  17.2  16.4  18.0  11.1  14.5
2017  6 28  13.7  21.0  14.5  21.6  12.0  15.6
2017  6 29  12.4  18.7  17.8  19.5   9.8  14.9
2017  6 30  17.5  17.8  15.6  18.9  13.1  16.1
2017  7  1  16.6  17.2  15.8  19.8  13.2  15.9
2017  7  2  17.0  22.7  16.3  24.1  14.2  17.8
2017  7  3  15.5  21.0  15.3  22.9  12.6  16.4
2017  7  4  12.3  13.7  15.8  16.0  12.3  13.8
2017  7  5  13.3  19.0  13.5  20.4  11.2  14.5
2017  7  6  13.0  19.2  15.9  22.2  10.5  15.1
2017  7  7  16.9  21.6  18.6  23.7  12.6  17.7
2017  7  8  16.5  19.1  15.2  22.8  12.9  16.3
2017  7  9  16.2  17.9  18.3  21.6  14.1  17.0
2017  7 10  16.1  24.9  19.3  25.3  13.3  18.7
2017  7 11  16.5  19.9  18.9  21.9  14.4  17.7
2017  7 12  18.5  22.0  19.8  22.3  14.5  18.8
2017  7 13  14.4  19.2  18.3  20.7  12.8  16.5
2017  7 14  14.3  20.7  19.2  23.5  12.1  17.1
2017  7 15  17.2  19.8  19.8  24.3  13.2  18.0
2017  7 16  18.2  22.2  16.5  24.1  13.6  17.8
2017  7 17  14.2  19.7  18.6  22.0  13.7  17.0
2017  7 18  15.4  22.1  19.8  22.5  13.5  17.9
2017  7 19  14.3  19.6  17.1  21.2  12.6  16.2
2017  7 20  17.1  21.3  17.8  23.4  13.5  17.7
2017  7 21  16.1  20.8  18.4  23.2  11.4  17.0
2017  7 22  16.7  22.9  18.4  24.5  13.3  18.1
2017  7 23  16.5  22.3  18.4  23.8  14.2  18.1
2017  7 24  13.6  24.1  18.6  24.8  11.5  17.3
2017  7 25  15.6  20.7  18.9  22.7  13.2  17.4
2017  7 26  16.4  19.5  18.6  20.5  13.5  17.2
2017  7 27  17.8  23.3  20.0  24.6  13.1  18.8
2017  7 28  17.2  17.8  17.9  20.0  16.1  17.5
2017  7 29  17.8  23.9  20.0  24.3  14.5  19.2
2017  7 30  18.1  23.1  19.5  24.6  16.0  19.4
2017  7 31  18.1  22.8  21.8  25.0  16.5  20.2
2017  8  1  17.9  24.5  18.8  24.7  15.6  19.6
2017  8  2  18.7  22.6  18.8  24.8  16.3  19.5
2017  8  3  16.5  25.0  18.4  25.2  14.1  19.0
2017  8  4  16.1  20.2  18.2  22.6  14.5  17.7
2017  8  5  16.3  20.9  16.9  21.8  14.7  17.6
2017  8  6  14.1  15.0  15.1  19.0  13.8  14.9
2017  8  7  14.3  20.8  19.3  22.2  13.2  17.4
2017  8  8  17.3  22.2  19.4  23.9  14.0  18.6
2017  8  9  18.7  21.6  19.3  23.6  14.1  18.7
2017  8 10  17.6  20.4  20.6  22.9  15.4  18.8
2017  8 11  17.6  24.4  20.0  25.5  15.1  19.8
2017  8 12  18.2  21.3  18.9  21.4  16.9  19.0
2017  8 13  15.8  17.3  13.0  20.0  12.5  15.0
2017  8 14  14.3  23.2  18.2  23.3  10.6  17.1
2017  8 15  15.6  21.3  16.8  22.6  12.4  17.0
2017  8 16  17.9  18.7  17.8  20.1  14.1  17.2
2017  8 17  15.4  23.3  19.2  24.1  13.5  18.4
2017  8 18  16.6  18.4  17.9  19.5  15.0  17.2
2017  8 19  16.1  20.7  18.9  21.7  15.4  18.1
2017  8 20  14.7  18.6  17.0  20.8  13.0  16.2
2017  8 21  14.6  20.9  16.6  21.7  12.3  16.5
2017  8 22  13.4  15.9  14.6  17.2  12.8  14.4
2017  8 23  12.4  16.0  16.6  18.5  11.4  14.5
2017  8 24  13.6  20.6  18.6  21.2  10.3  16.2
2017  8 25  11.9  14.0  14.3  18.7  10.7  13.3
2017  8 26  11.1  17.0  16.0  18.2  10.1  14.0
2017  8 27  13.5  16.6  13.4  18.5   9.5  13.6
2017  8 28  11.9  19.9  15.5  21.1   8.4  14.5
2017  8 29  15.6  21.7  17.8  22.2  13.8  17.6
2017  8 30  17.1  23.3  20.0  23.7  15.6  19.4
2017  8 31  13.4  18.5  14.8  20.4  12.6  15.3
2017  9  1  11.7  17.1  16.0  18.5  11.0  14.5
2017  9  2  12.5  17.7  13.9  18.3  11.2  14.4
2017  9  3  12.3  14.9  15.0  16.1  10.8  13.7
2017  9  4  12.1  13.1  13.6  15.0  11.7  12.9
2017  9  5  13.4  16.1  13.2  16.6  13.0  14.2
2017  9  6  11.9  14.7  12.5  15.7  10.9  12.9
2017  9  7   9.3  15.1  12.3  15.3   8.6  11.8
2017  9  8  11.2  14.0  11.7  14.6   9.4  12.0
2017  9  9  13.4  16.8  14.6  17.7  10.9  14.5
2017  9 10  13.4  17.7  14.3  18.6  13.2  15.1
2017  9 11  13.3  17.8  15.2  18.2  11.7  15.0
2017  9 12  14.2  18.7  15.0  19.4  13.4  15.8
2017  9 13  12.2  16.3  13.0  18.1  10.7  13.7
2017  9 14  11.4  13.8  12.5  14.1  11.0  12.4
2017  9 15  11.7  15.3  12.6  16.1  10.6  13.0
2017  9 16  10.0  15.5  13.6  16.7   9.3  12.7
2017  9 17  10.5  14.0  11.6  15.4   9.9  12.0
2017  9 18   7.3  12.5  11.4  12.9   6.7   9.9
2017  9 19   9.6  10.7   8.8  13.4   8.7   9.9
2017  9 20   5.6  11.6  10.3  12.4   4.9   8.7
2017  9 21  12.1  16.5  12.7  16.8   8.2  13.0
2017  9 22  13.2  12.1  12.5  13.6  12.0  12.6
2017  9 23  13.4  15.6  13.5  16.1  12.4  14.0
2017  9 24  13.2  17.0  14.1  18.2  12.4  14.6
2017  9 25  13.5  17.8  13.2  18.8  12.6  14.8
2017  9 26  12.7  17.3  13.3  18.1  11.4  14.2
2017  9 27  12.9  15.4  12.7  16.0  12.3  13.6
2017  9 28  13.2  14.8  11.4  15.5  11.4  13.0
2017  9 29  11.6  13.2  11.1  13.4  11.0  11.9
2017  9 30   9.5  13.6  11.0  14.1   9.1  11.2
2017 10  1   9.8  14.1  11.2  14.7   8.9  11.5
2017 10  2  12.4  13.5  12.1  13.9  10.4  12.5
2017 10  3  12.0  13.8  11.9  14.8  11.0  12.5
2017 10  4   9.9  13.6  10.4  13.8   9.7  11.1
2017 10  5   6.1  10.3  10.7  11.0   6.0   8.9
2017 10  6   7.8  11.2   9.8  11.9   7.1   9.4
2017 10  7   6.8   6.8   5.5  10.0   5.4   6.6
2017 10  8   5.3   6.9   8.2   8.3   4.6   6.8
2017 10  9   7.8  10.5   8.6  10.9   7.6   8.9
2017 10 10   7.9   7.7   7.5   8.6   7.2   7.7
2017 10 11   5.6   8.7   7.2   9.5   4.8   7.0
2017 10 12  11.1  12.2   9.1  12.9   7.2  10.5
2017 10 13   7.0   8.4   8.0   9.5   6.8   7.8
2017 10 14  11.4  15.3  11.8  15.3   7.2  12.2
2017 10 15   9.5  12.4  12.0  12.6   9.5  11.2
2017 10 16  13.8  15.8  13.0  16.4  11.8  14.0
2017 10 17  10.2  13.6  11.7  14.3  10.1  11.7
2017 10 18   7.2   9.4   7.9  12.2   6.7   8.3
2017 10 19   4.0   8.7   6.6   9.2   3.7   6.2
2017 10 20   3.6   9.2   6.4  10.2   3.2   6.2
2017 10 21   6.2   8.9   6.0   9.7   5.0   6.9
2017 10 22   5.6   8.0   6.4   8.1   4.7   6.5
2017 10 23   4.3   6.7   5.5   6.9   3.9   5.4
2017 10 24   3.3   5.4   6.3   6.4   3.0   4.9
2017 10 25   7.3   8.9   9.6  10.1   6.3   8.5
2017 10 26   4.5   5.7   4.5   9.6   3.9   5.2
2017 10 27   3.7   4.9   4.7   4.9   3.7   4.4
2017 10 28   6.4   7.2   7.0   7.6   4.7   6.7
2017 10 29   1.6   3.0   3.9   7.4   1.5   3.2
2017 10 30   1.5   3.8   2.3   4.3   1.5   2.5
2017 10 31   1.8   3.8   3.9   4.3   0.0   2.9
2017 11  1   5.4   7.5   6.8   7.8   3.1   6.2
2017 11  2   9.3   7.5   5.5   9.6   5.4   7.4
2017 11  3   1.6   6.5   6.9   7.1   1.0   4.7
2017 11  4   6.4   9.3   8.9   9.7   6.3   8.0
2017 11  5   8.7   9.7   9.8  10.1   8.4   9.3
2017 11  6   6.7   7.4   4.9  10.0   4.9   6.4
2017 11  7   1.6   6.2   4.5   7.3   1.4   3.9
2017 11  8   2.9   4.9   5.1   5.8   2.4   4.2
2017 11  9   6.9   7.7   6.7   7.9   5.1   6.9
2017 11 10   4.5   7.4   6.8   7.9   4.3   6.1
2017 11 11   5.8   6.2   4.4   7.0   4.4   5.4
2017 11 12   2.5   1.5   0.4   4.5   0.3   1.6
2017 11 13  -0.6   1.9   1.6   2.3  -0.9   0.8
2017 11 14  -1.5   0.8   1.6   1.9  -1.9   0.2
2017 11 15  -0.3   4.6   3.4   5.7  -0.4   2.3
2017 11 16   0.9   4.1   2.7   4.1   0.3   2.3
2017 11 17   4.3   5.7   6.1   7.2   2.6   5.3
2017 11 18   5.8   3.9   3.1   7.0   3.0   4.4
2017 11 19   0.7   0.3  -2.0   3.3  -2.3  -0.3
2017 11 20  -0.4  -0.5  -0.8   0.4  -2.0  -0.6
2017 11 21  -1.3  -1.7  -2.5  -0.4  -2.9  -1.8
2017 11 22  -4.9   0.4   3.4   3.7  -5.0  -0.4
2017 11 23   8.4   8.2   7.8   8.5   2.8   7.6
2017 11 24   6.5   6.2   4.5   8.0   4.5   5.7
2017 11 25   1.7   1.7   2.2   4.6   0.6   2.1
2017 11 26   0.1   1.5   3.3   3.4   0.1   1.7
2017 11 27   4.7   3.7   2.8   5.0   2.7   3.7
2017 11 28   3.6   4.3   4.8   5.3   2.4   4.2
2017 11 29   5.0   4.9   2.8   5.3   2.8   4.0
2017 11 30   2.5   3.3   2.5   3.8   2.2   2.7
2017 12  1   2.2   1.3   1.0   3.1   0.8   1.6
2017 12  2  -1.5   1.0   1.9   2.0  -2.0   0.2
2017 12  3   5.0   5.1   1.9   5.6   1.9   3.8
2017 12  4  -0.5   0.7  -0.2   1.9  -0.8  -0.0
2017 12  5  -2.5   0.6  -0.5   2.0  -2.8  -1.0
2017 12  6  -0.9   0.1  -0.5   0.3  -1.5  -0.6
2017 12  7   2.4   6.6   6.2   6.9  -0.5   4.4
2017 12  8   4.8   4.9   5.0   6.2   4.3   5.0
2017 12  9   3.5   4.0   2.7   5.0   2.7   3.4
2017 12 10   1.3   1.6   0.2   2.8   0.0   1.0
2017 12 11  -0.4   0.3   0.9   1.4  -1.4   0.2
2017 12 12   0.4   0.3   0.1   1.0   0.1   0.3
2017 12 13  -4.0   1.6   1.4   1.9  -4.2  -0.9
2017 12 14   3.6   2.3   2.4   3.7   1.2   2.8
2017 12 15   2.1   2.5   1.7   3.0   1.5   2.1
2017 12 16   0.8   1.5   1.4   1.8   0.7   1.2
2017 12 17  -2.4  -2.4  -3.5   1.4  -3.6  -2.5
2017 12 18  -2.8  -0.9   1.1   1.1  -4.2  -1.1
2017 12 19   0.2  -0.9  -1.9   1.8  -2.0  -0.7
2017 12 20   0.4   1.5   3.2   3.3  -2.4   1.4
2017 12 21   0.9   0.5  -0.4   3.2  -0.4   0.5
2017 12 22  -0.8   1.0  -0.1   1.3  -1.2  -0.1
2017 12 23   1.9   5.7   5.6   6.3  -1.5   3.7
2017 12 24   1.1   1.6   0.3   6.3   0.1   1.3
2017 12 25  -1.5   2.3   6.3   6.7  -1.9   2.3
2017 12 26   1.0   5.5   3.8   6.6   1.0   3.1
2017 12 27   3.0   3.5   3.1   4.4   2.6   3.2
2017 12 28   4.3   4.9   4.8   5.5   3.0   4.5
2017 12 29   2.9   2.7   3.1   4.8   2.6   3.1
2017 12 30   1.4   1.5   2.7   3.2   1.0   2.0
2017 12 31   2.5   3.2   3.0   3.4   2.2   2.8
